[individuals]
1
[dimensions]
3
[landmarks]
58
[rawpoints]
'#1
6.802558e+00 -1.027740e-01 1.006035e+01
3.833353e+00 2.286266e+00 4.999440e+00
9.568900e-01 4.309181e+00 -1.880240e-01
-1.421032e+00 4.190209e+00 -5.166541e+00
3.687840e+00 1.409433e+00 6.938107e+00
4.579067e+00 -2.334896e+00 8.808627e+00
5.464067e+00 1.914731e+00 5.801857e+00
7.286254e+00 -2.054489e+00 7.348676e+00
4.788163e+00 -2.250340e+00 8.185966e+00
6.771398e+00 -1.990033e+00 7.265327e+00
2.347840e+00 2.030338e+00 5.394285e+00
5.138258e+00 2.382746e+00 4.085322e+00
3.304373e+00 -1.177059e+00 4.761059e+00
1.310565e+00 -1.911345e+00 4.516770e-01
1.004069e+00 -1.771889e+00 1.966711e+00
4.675696e+00 -9.936800e-01 4.064240e+00
2.415996e+00 -1.598224e+00 -1.309440e-01
3.855989e+00 -1.392756e+00 2.509390e-01
6.147680e-01 -2.119152e+00 1.172449e+00
3.412362e+00 -1.642450e+00 -4.139920e-01
1.535123e+00 -9.819570e-01 5.673095e+00
1.515326e+00 -1.641493e+00 5.514619e+00
1.069746e+00 -1.272597e+00 4.996819e+00
1.138497e+00 -1.764729e+00 4.889096e+00
6.457182e+00 -3.418260e-01 2.977477e+00
6.308702e+00 -1.012195e+00 3.024406e+00
6.236258e+00 -4.553430e-01 2.394577e+00
6.067820e+00 -1.124625e+00 2.440882e+00
1.075962e+00 3.491480e-01 5.868886e+00
6.560367e+00 1.095937e+00 3.014560e+00
-4.507567e+00 -9.528950e-01 1.909595e+00
6.886774e+00 6.581720e-01 -4.285882e+00
-4.786750e+00 1.498320e-01 1.583480e-01
5.251201e+00 1.829281e+00 -5.378999e+00
-1.176380e-01 -2.020166e+00 -2.460845e+00
1.365807e+00 -1.894643e+00 -3.223735e+00
-8.777040e-01 -2.719897e+00 -2.363097e+00
1.916205e+00 -2.268682e+00 -3.693305e+00
-8.899420e-01 -2.441852e+00 -3.204659e+00
1.064206e+00 -2.269334e+00 -4.293497e+00
-1.549984e+00 -3.071822e+00 -1.978485e+00
2.710969e+00 -2.533875e+00 -4.015342e+00
-4.194439e+00 -1.330731e+00 -1.255182e+00
-4.844453e+00 -2.121677e+00 -5.854526e-01
-4.551317e+00 -1.818090e+00 -6.065160e-01
4.639024e+00 -6.962360e-01 -5.341536e+00
5.736432e+00 -5.525990e-01 -5.834994e+00
4.957897e+00 -4.806330e-01 -5.545061e+00
-1.214506e+00 -1.623511e+00 3.447970e-01
-2.717246e+00 -3.282405e+00 -1.173954e+00
3.960542e+00 -9.233020e-01 -2.200292e+00
3.602207e+00 -2.523845e+00 -4.244781e+00
-4.354969e+00 -1.426032e+00 -3.460163e+00
2.616656e+00 -4.120280e-01 -7.012335e+00
-3.441787e+00 -2.131830e+00 -3.067387e+00
2.461405e+00 -1.911836e+00 -6.464328e+00
-3.948312e+00 -2.290685e+00 -3.485806e+00
2.758237e+00 -1.266779e+00 -6.672905e+00
