[individuals]
1
[dimensions]
3
[landmarks]
58
[rawpoints]
'#1
-1.754947e+00 -5.402513e+01 -3.335157e+00
2.928193e+00 -2.798044e+01 4.546912e+00
7.416548e+00 4.499569e+00 4.880972e+00
7.476155e+00 1.871455e+01 -5.774899e+00
-5.571063e+00 -3.741467e+01 1.787071e+00
-8.355240e+00 -4.488311e+01 -1.474308e+01
7.595642e+00 -3.882642e+01 2.695710e-01
4.303333e+00 -4.670048e+01 -1.636082e+01
-5.919831e+00 -4.214393e+01 -1.459906e+01
2.746139e+00 -4.350103e+01 -1.586029e+01
-5.898950e+00 -2.939848e+01 4.192138e+00
1.067012e+01 -3.152880e+01 1.997391e+00
-2.148686e+00 -2.217906e+01 -1.458495e+01
-3.784340e-01 -1.374166e+01 -1.780272e+01
-3.050019e+00 -2.094247e+01 -1.480961e+01
5.257567e+00 -2.432207e+01 -1.544461e+01
4.582976e+00 -1.418909e+01 -1.887763e+01
6.389376e+00 -2.251224e+01 -1.635082e+01
-4.207605e+00 -1.242031e+01 -1.946653e+01
7.235829e+00 -1.396456e+01 -2.067706e+01
-1.071939e+01 -3.056290e+01 -6.839960e+00
-1.099566e+01 -3.047009e+01 -8.239846e+00
-7.405886e+00 -2.375475e+01 -8.732332e+00
-7.863594e+00 -2.381628e+01 -1.070556e+01
1.208473e+01 -3.364840e+01 -9.969376e+00
1.176320e+01 -3.365774e+01 -1.119934e+01
1.016533e+01 -2.517700e+01 -1.109595e+01
9.946482e+00 -2.490836e+01 -1.323012e+01
-9.296255e+00 -2.347937e+01 1.350253e+00
1.487792e+01 -2.725623e+01 -2.421087e+00
-1.787324e+01 -9.725731e+00 -6.478371e+00
2.433547e+01 -1.574283e+01 -1.207950e+01
-7.514187e+00 2.141907e+00 -3.657043e+00
1.841043e+01 -3.493000e-01 -6.038723e+00
1.124503e+00 -1.825716e+00 -1.735391e+01
5.818538e+00 -2.642019e+00 -1.800783e+01
1.221493e+00 9.449200e-01 -1.843632e+01
5.937306e+00 3.902810e-01 -1.957287e+01
7.561300e-01 3.087972e+00 -2.002507e+01
6.560110e+00 2.551505e+00 -2.116541e+01
-2.942896e+00 5.720264e+00 -1.807565e+01
1.104051e+01 3.456845e+00 -2.019085e+01
-1.200168e+01 9.438460e+00 -1.547861e+01
-1.593360e+01 8.904332e+00 -1.602552e+01
-1.466979e+01 9.017529e+00 -1.412197e+01
2.178178e+01 4.558730e+00 -2.011311e+01
2.526049e+01 3.355497e+00 -2.153871e+01
2.400336e+01 3.680792e+00 -1.949711e+01
-8.758188e+00 2.731745e+00 -1.730967e+01
-7.076895e+00 1.089787e+01 -2.464098e+01
1.631377e+01 -5.535280e-01 -2.035607e+01
1.520980e+01 7.429400e+00 -2.704340e+01
-7.817451e+00 1.237277e+01 -1.865540e+01
1.729889e+01 8.836392e+00 -2.203621e+01
-6.253858e+00 1.001527e+01 -1.895492e+01
1.491404e+01 3.557636e+00 -1.925607e+01
-7.072717e+00 1.211012e+01 -2.128358e+01
1.557388e+01 8.294482e+00 -2.456093e+01
