[individuals]
1
[dimensions]
3
[landmarks]
58
[rawpoints]
'#1
1.054991e+01 2.381470e+00 8.081244e+00
1.011872e+01 1.215936e+01 1.093887e+01
9.485537e+00 2.225647e+01 1.232823e+01
9.184246e+00 2.741570e+01 1.217578e+01
8.558999e+00 7.591537e+00 9.680630e+00
7.742741e+00 4.412649e+00 5.411495e+00
1.202280e+01 7.963876e+00 9.766983e+00
1.340136e+01 4.429994e+00 5.701534e+00
8.659800e+00 3.750903e+00 5.686703e+00
1.255294e+01 3.667770e+00 6.011389e+00
7.502625e+00 1.168224e+01 1.069533e+01
1.248404e+01 1.170418e+01 1.074593e+01
8.584087e+00 9.607789e+00 5.959474e+00
8.726060e+00 1.423506e+01 5.576890e+00
7.738175e+00 1.367379e+01 5.542078e+00
1.190879e+01 1.008500e+01 6.036246e+00
1.138267e+01 1.464194e+01 5.571366e+00
1.238413e+01 1.441461e+01 5.535525e+00
7.173879e+00 1.593536e+01 4.866175e+00
1.295594e+01 1.604416e+01 4.991566e+00
5.829767e+00 9.936742e+00 6.293573e+00
6.476808e+00 1.028455e+01 5.132264e+00
5.646439e+00 1.291837e+01 5.940745e+00
5.698222e+00 1.362573e+01 5.279644e+00
1.475738e+01 1.011589e+01 6.604818e+00
1.403605e+01 9.733797e+00 5.393401e+00
1.443376e+01 1.348768e+01 6.186991e+00
1.443573e+01 1.371514e+01 5.437182e+00
5.095342e+00 1.078522e+01 7.548678e+00
1.531196e+01 1.144262e+01 7.743422e+00
1.197707e+00 1.702803e+01 7.102181e+00
1.864851e+01 1.772634e+01 7.232345e+00
4.571386e+00 2.100715e+01 9.584743e+00
1.450233e+01 2.090626e+01 9.778317e+00
9.607083e+00 2.243336e+01 5.035057e+00
9.589920e+00 2.242826e+01 5.043594e+00
8.349709e+00 2.228497e+01 4.913814e+00
1.101948e+01 2.246264e+01 5.002646e+00
8.380033e+00 2.388673e+01 4.754638e+00
1.059566e+01 2.415919e+01 4.764375e+00
7.918929e+00 2.331159e+01 4.733592e+00
1.121150e+01 2.354205e+01 4.818391e+00
2.946780e+00 2.502271e+01 5.904439e+00
2.338020e+00 2.363140e+01 4.396785e+00
2.340597e+00 2.328218e+01 5.404119e+00
1.567339e+01 2.593180e+01 6.187996e+00
1.668413e+01 2.441607e+01 4.577194e+00
1.651075e+01 2.394316e+01 5.733154e+00
5.880494e+00 2.196992e+01 4.568426e+00
5.450498e+00 2.527142e+01 3.053138e+00
1.275164e+01 2.241075e+01 4.847736e+00
1.297699e+01 2.590288e+01 3.128778e+00
4.365618e+00 2.653257e+01 4.028306e+00
1.435688e+01 2.703394e+01 4.150795e+00
5.662984e+00 2.613577e+01 4.201521e+00
1.257830e+01 2.627132e+01 4.217204e+00
4.283659e+00 2.669446e+01 3.664554e+00
1.444407e+01 2.722644e+01 3.838570e+00
