[individuals]
1
[dimensions]
3
[landmarks]
58
[rawpoints]
'#1
1.805197e+01 4.688967e+00 1.893848e+01
1.357417e+01 2.883174e+01 2.907769e+01
1.207809e+01 4.609052e+01 3.361847e+01
1.465379e+01 6.192133e+01 3.136033e+01
1.438415e+01 1.206601e+01 2.127558e+01
1.513963e+01 1.506677e+01 1.200620e+01
1.851545e+01 1.165439e+01 2.360546e+01
2.625193e+01 1.427722e+01 1.773777e+01
1.714466e+01 1.337766e+01 1.437124e+01
2.287836e+01 1.323403e+01 1.736698e+01
1.066469e+01 2.343729e+01 2.353653e+01
1.986927e+01 2.289861e+01 2.845591e+01
1.678317e+01 2.716375e+01 1.678648e+01
1.681607e+01 2.887472e+01 1.694483e+01
1.634003e+01 2.909538e+01 1.649437e+01
2.307882e+01 2.868411e+01 2.024222e+01
2.264030e+01 3.079124e+01 2.034632e+01
2.335478e+01 3.100535e+01 2.044713e+01
1.521062e+01 3.937421e+01 1.565464e+01
2.540154e+01 3.852961e+01 2.104255e+01
1.178397e+01 2.276588e+01 1.549447e+01
1.319301e+01 2.268147e+01 1.391289e+01
1.102059e+01 2.739475e+01 1.561494e+01
1.263123e+01 2.780223e+01 1.372138e+01
2.602114e+01 2.183212e+01 2.319462e+01
2.632321e+01 2.191827e+01 2.109348e+01
2.681878e+01 2.671677e+01 2.408737e+01
2.723509e+01 2.691721e+01 2.167823e+01
9.028326e+00 2.566514e+01 1.990145e+01
2.421189e+01 2.455824e+01 2.774157e+01
2.023773e+00 4.327135e+01 1.662767e+01
3.191085e+01 4.136100e+01 3.299680e+01
7.534426e+00 5.167859e+01 2.296858e+01
2.538181e+01 5.082841e+01 3.102291e+01
1.913939e+01 5.080296e+01 1.999349e+01
2.081612e+01 5.067200e+01 2.107074e+01
1.850858e+01 5.244955e+01 1.887065e+01
2.206545e+01 5.197622e+01 2.100145e+01
1.779130e+01 5.367705e+01 1.920706e+01
2.194529e+01 5.330536e+01 2.139791e+01
1.540164e+01 5.539697e+01 1.812296e+01
2.464616e+01 5.509974e+01 2.329065e+01
1.057448e+01 5.749608e+01 1.731523e+01
1.005789e+01 5.572221e+01 1.306261e+01
9.136188e+00 5.478835e+01 1.436914e+01
2.773675e+01 5.641798e+01 2.669256e+01
3.183482e+01 5.460048e+01 2.474057e+01
3.066455e+01 5.370469e+01 2.591643e+01
1.317288e+01 5.384610e+01 1.604741e+01
1.578321e+01 5.872664e+01 1.481393e+01
2.714024e+01 5.296068e+01 2.325277e+01
2.768810e+01 5.780732e+01 2.127951e+01
1.426522e+01 5.909688e+01 1.453479e+01
2.850351e+01 5.832913e+01 2.239709e+01
1.430759e+01 5.851462e+01 1.660218e+01
2.681148e+01 5.792926e+01 2.364996e+01
1.424002e+01 5.840411e+01 1.436212e+01
2.846497e+01 5.765203e+01 2.196118e+01
