[individuals]
1
[dimensions]
3
[landmarks]
58
[rawpoints]
'#1
3.297824e+01 3.247324e+00 2.506232e+01
2.852133e+01 3.861858e+01 3.550982e+01
2.505546e+01 5.645215e+01 3.843499e+01
2.443508e+01 7.012379e+01 3.570471e+01
2.903899e+01 1.254018e+01 2.835850e+01
2.479071e+01 1.051541e+01 1.753816e+01
3.576789e+01 1.276419e+01 2.761960e+01
3.984584e+01 1.286077e+01 1.789702e+01
2.878407e+01 1.075228e+01 1.688012e+01
3.544157e+01 1.122169e+01 1.713269e+01
2.230523e+01 2.869322e+01 3.123323e+01
3.713688e+01 2.993300e+01 3.141626e+01
2.618112e+01 3.138943e+01 1.779180e+01
2.593877e+01 4.226118e+01 1.762605e+01
2.399504e+01 3.861895e+01 1.764486e+01
3.326892e+01 3.077564e+01 1.786441e+01
3.123623e+01 4.304114e+01 1.720233e+01
3.419732e+01 3.812963e+01 1.747219e+01
2.138281e+01 4.449483e+01 1.597057e+01
3.378899e+01 4.640810e+01 1.569611e+01
2.122353e+01 2.352593e+01 2.339678e+01
2.096860e+01 2.362759e+01 2.050620e+01
1.931759e+01 2.799981e+01 2.420603e+01
1.975148e+01 2.669702e+01 2.054095e+01
4.010731e+01 2.564199e+01 2.341309e+01
4.005512e+01 2.649753e+01 2.053021e+01
4.038950e+01 2.956029e+01 2.358980e+01
4.065228e+01 2.920859e+01 2.048586e+01
1.924978e+01 2.707031e+01 2.676327e+01
4.108123e+01 2.982128e+01 2.641943e+01
4.794949e+00 4.820358e+01 2.744683e+01
4.908617e+01 5.353317e+01 2.710089e+01
1.555321e+01 6.031769e+01 2.721395e+01
3.573222e+01 6.281321e+01 2.734412e+01
2.351604e+01 5.962276e+01 1.822933e+01
2.881364e+01 6.060859e+01 1.832823e+01
2.279411e+01 6.243756e+01 1.787054e+01
2.946183e+01 6.402998e+01 1.790836e+01
2.256084e+01 6.521095e+01 1.768818e+01
2.788512e+01 6.557014e+01 1.772960e+01
1.743330e+01 6.680907e+01 1.846230e+01
3.276763e+01 6.877398e+01 1.823000e+01
1.242119e+01 6.890817e+01 2.138556e+01
8.747486e+00 6.668335e+01 1.697754e+01
8.718416e+00 6.573592e+01 1.905768e+01
3.712437e+01 7.150929e+01 2.133550e+01
4.008588e+01 7.068484e+01 1.697736e+01
4.116787e+01 6.936373e+01 1.956071e+01
1.496091e+01 6.555938e+01 1.886397e+01
1.316448e+01 6.919253e+01 1.571216e+01
3.378639e+01 6.740327e+01 1.859126e+01
3.583906e+01 7.190224e+01 1.596585e+01
1.335145e+01 7.297322e+01 1.743095e+01
3.488050e+01 7.563649e+01 1.781180e+01
1.462617e+01 7.060371e+01 1.850663e+01
3.490630e+01 7.376047e+01 1.916891e+01
1.343216e+01 7.119052e+01 1.695798e+01
3.502925e+01 7.386736e+01 1.708491e+01
