[individuals]
1
[dimensions]
3
[landmarks]
58
[rawpoints]
'#1
2.699158e+00 -4.172902e+01 -9.781930e+00
2.739178e+00 -2.224440e+01 -6.204200e-01
2.485568e+00 -6.441772e+00 1.173045e+00
2.947161e+00 1.241965e+01 -5.242857e+00
-5.084896e+00 -2.790634e+01 -8.277483e+00
-1.991825e+00 -2.983257e+01 -1.782499e+01
1.034895e+01 -2.815096e+01 -7.377372e+00
7.898249e+00 -2.997328e+01 -1.746142e+01
5.413200e-01 -3.316813e+01 -1.732094e+01
5.305391e+00 -3.323794e+01 -1.710919e+01
-1.320574e+00 -2.630863e+01 -2.600259e+00
6.590466e+00 -2.667368e+01 -2.490828e+00
2.276043e+00 -1.931668e+01 -1.386665e+01
1.930415e+00 -1.200991e+01 -1.447403e+01
1.558088e+00 -1.850866e+01 -1.406757e+01
4.101211e+00 -1.923071e+01 -1.386491e+01
4.090591e+00 -1.172626e+01 -1.442719e+01
4.461332e+00 -1.838297e+01 -1.379685e+01
-3.104180e-01 -1.075587e+01 -1.535753e+01
6.924088e+00 -1.109075e+01 -1.492889e+01
-4.219104e+00 -2.837380e+01 -1.299969e+01
-3.580095e+00 -2.831158e+01 -1.445988e+01
-5.433840e+00 -2.408700e+01 -1.359188e+01
-4.782604e+00 -2.338945e+01 -1.457264e+01
1.018337e+01 -2.824273e+01 -1.242502e+01
9.393120e+00 -2.812342e+01 -1.411775e+01
1.137986e+01 -2.400024e+01 -1.285877e+01
1.059034e+01 -2.372304e+01 -1.419132e+01
-3.991928e+00 -2.399867e+01 -4.210623e+00
9.599818e+00 -2.391577e+01 -3.404355e+00
-1.438486e+01 -1.251054e+01 -7.550335e+00
2.036787e+01 -1.309977e+01 -6.338093e+00
-5.817051e+00 -2.800209e+00 -7.375404e+00
1.127978e+01 -4.069146e+00 -6.150073e+00
6.491400e-01 -4.888751e+00 -1.449754e+01
5.730480e+00 -4.456751e+00 -1.400339e+01
4.081410e-01 -3.311293e+00 -1.480359e+01
6.505111e+00 -3.638582e+00 -1.446906e+01
1.190540e+00 1.833344e+00 -1.514300e+01
5.495480e+00 1.654556e+00 -1.492953e+01
-2.366884e+00 3.783194e+00 -1.562390e+01
9.619047e+00 2.387802e+00 -1.553190e+01
-7.557361e+00 6.200318e+00 -1.533289e+01
-8.865365e+00 6.693233e+00 -1.753575e+01
-8.745646e+00 6.237907e+00 -1.633437e+01
1.430387e+01 6.208701e+00 -1.459773e+01
1.584840e+01 6.421977e+00 -1.647880e+01
1.559013e+01 6.101674e+00 -1.554216e+01
-3.933094e+00 7.191350e-01 -1.568498e+01
-4.774937e+00 8.614948e+00 -2.230260e+01
1.154656e+01 2.143867e+00 -1.617189e+01
1.235485e+01 8.450539e+00 -2.183224e+01
-4.677999e+00 8.577196e+00 -1.815311e+01
1.175853e+01 8.502656e+00 -1.764008e+01
-4.091504e+00 6.869286e+00 -1.675894e+01
1.030924e+01 6.422210e+00 -1.706727e+01
-4.033036e+00 9.027205e+00 -1.659329e+01
1.096759e+01 7.718913e+00 -1.783928e+01
