[individuals]
1
[dimensions]
3
[landmarks]
58
[rawpoints]
'#1
2.751344e+01 1.074505e+01 2.317626e+01
2.421870e+01 4.061770e+01 3.066103e+01
2.303995e+01 6.405647e+01 3.264359e+01
2.296438e+01 8.602407e+01 2.998403e+01
2.155393e+01 2.775150e+01 2.728140e+01
2.073944e+01 1.764101e+01 1.325708e+01
2.906912e+01 3.085458e+01 2.936220e+01
3.614926e+01 1.821452e+01 1.699417e+01
2.510026e+01 1.502511e+01 1.452243e+01
3.168336e+01 1.568500e+01 1.582684e+01
1.784446e+01 4.005082e+01 2.860830e+01
3.012703e+01 3.955839e+01 3.125537e+01
2.504426e+01 4.110390e+01 1.519434e+01
2.496200e+01 5.014189e+01 1.409982e+01
2.263928e+01 4.549840e+01 1.426804e+01
3.026810e+01 4.188370e+01 1.608012e+01
3.025923e+01 5.015051e+01 1.495109e+01
3.227510e+01 4.586804e+01 1.588039e+01
2.102744e+01 4.987283e+01 1.237138e+01
3.423113e+01 5.056728e+01 1.487918e+01
1.580198e+01 3.364819e+01 1.628842e+01
1.688201e+01 3.339401e+01 1.398766e+01
1.551243e+01 4.186264e+01 1.560041e+01
1.637163e+01 4.184330e+01 1.357960e+01
3.770824e+01 3.419529e+01 2.069781e+01
3.766970e+01 3.420225e+01 1.827960e+01
3.781841e+01 4.266979e+01 1.992896e+01
3.785665e+01 4.273155e+01 1.792489e+01
1.411503e+01 3.781871e+01 1.966601e+01
3.782073e+01 3.899288e+01 2.434610e+01
5.712070e+00 5.492451e+01 1.606044e+01
4.629930e+01 5.648507e+01 2.426395e+01
1.464505e+01 6.913305e+01 2.438728e+01
3.554372e+01 6.945435e+01 2.617659e+01
2.713154e+01 6.950136e+01 1.488705e+01
2.706096e+01 6.949291e+01 1.487113e+01
2.258525e+01 6.853705e+01 1.361669e+01
3.126198e+01 6.829233e+01 1.547467e+01
2.444198e+01 7.249789e+01 1.390944e+01
2.960385e+01 7.287437e+01 1.536688e+01
2.260179e+01 7.283316e+01 1.422043e+01
3.127559e+01 7.153925e+01 1.509283e+01
1.287019e+01 7.631986e+01 1.589351e+01
1.084156e+01 7.303888e+01 8.636954e+00
1.103534e+01 7.145956e+01 1.161799e+01
3.984898e+01 7.599142e+01 2.078585e+01
4.386665e+01 7.413371e+01 1.535594e+01
4.326270e+01 7.090294e+01 1.882886e+01
1.728321e+01 6.929981e+01 1.165414e+01
1.902055e+01 7.604575e+01 7.531510e+00
3.556050e+01 6.962090e+01 1.546755e+01
3.674166e+01 7.647247e+01 1.166381e+01
1.649360e+01 7.786510e+01 1.189974e+01
3.744480e+01 7.854455e+01 1.620279e+01
1.870352e+01 7.741119e+01 1.326970e+01
3.497683e+01 7.828131e+01 1.716883e+01
1.577054e+01 7.853215e+01 1.041607e+01
3.839220e+01 7.869850e+01 1.467035e+01
