[individuals]
1
[dimensions]
3
[landmarks]
58
[rawpoints]
'#1
4.010656e+01 9.994331e+00 8.196579e+01
4.608280e+01 5.074733e+01 8.673464e+01
5.385128e+01 9.844600e+01 8.310329e+01
5.629557e+01 1.200779e+02 7.159357e+01
3.621835e+01 2.669439e+01 8.499031e+01
3.036364e+01 2.524226e+01 6.349466e+01
4.913755e+01 2.438627e+01 8.327998e+01
4.989251e+01 2.201936e+01 6.179755e+01
3.784304e+01 2.640618e+01 6.113232e+01
4.191984e+01 2.589155e+01 6.153063e+01
3.791993e+01 4.613889e+01 8.580194e+01
5.315405e+01 4.427594e+01 8.417607e+01
3.744496e+01 5.309749e+01 5.892697e+01
3.864008e+01 5.886674e+01 5.750795e+01
3.717773e+01 5.872912e+01 5.656504e+01
5.006655e+01 5.120660e+01 5.795405e+01
5.023535e+01 5.698488e+01 5.622956e+01
5.093566e+01 5.665740e+01 5.511644e+01
3.604589e+01 7.120932e+01 5.004656e+01
5.388045e+01 6.840541e+01 4.882462e+01
2.922417e+01 4.387380e+01 7.141822e+01
2.876123e+01 4.322259e+01 6.918085e+01
3.006500e+01 5.613591e+01 6.612756e+01
2.937039e+01 5.515857e+01 6.419839e+01
5.781565e+01 4.117818e+01 6.801810e+01
5.765174e+01 4.026445e+01 6.613829e+01
5.801077e+01 5.199601e+01 6.312286e+01
5.826806e+01 5.182299e+01 6.063630e+01
3.089354e+01 5.275677e+01 7.795383e+01
5.995306e+01 4.854852e+01 7.518565e+01
1.641030e+01 7.463618e+01 6.952097e+01
7.767947e+01 6.485776e+01 6.190825e+01
3.328774e+01 9.472023e+01 7.259988e+01
6.910255e+01 8.901074e+01 6.769959e+01
4.404907e+01 9.137784e+01 5.120785e+01
5.385785e+01 8.879446e+01 4.954704e+01
4.073871e+01 9.202497e+01 5.024245e+01
5.566052e+01 8.965212e+01 4.816486e+01
4.404345e+01 9.917799e+01 4.940131e+01
5.466890e+01 9.686488e+01 4.758752e+01
3.649384e+01 9.865117e+01 5.057713e+01
6.278035e+01 9.509688e+01 4.731664e+01
2.931421e+01 1.070543e+02 5.622688e+01
2.378438e+01 1.054342e+02 5.621676e+01
2.709478e+01 1.050095e+02 5.641458e+01
7.358803e+01 1.010926e+02 5.066877e+01
7.748498e+01 9.930801e+01 4.749212e+01
7.678242e+01 9.865372e+01 5.006747e+01
3.201097e+01 1.006669e+02 5.122298e+01
3.222347e+01 1.093788e+02 3.939112e+01
6.814959e+01 9.610966e+01 4.519436e+01
6.525414e+01 1.028542e+02 3.558111e+01
2.965603e+01 1.138174e+02 5.571962e+01
7.491820e+01 1.069129e+02 4.912878e+01
3.662929e+01 1.103229e+02 5.048959e+01
6.654092e+01 1.050929e+02 4.661705e+01
3.421053e+01 1.152880e+02 5.425284e+01
7.076992e+01 1.049664e+02 4.917389e+01
