[individuals]
1
[dimensions]
3
[landmarks]
58
[rawpoints]
'#1
4.067434e+01 9.374355e+00 4.965460e+01
4.252190e+01 6.980212e+01 4.735472e+01
4.172145e+01 1.037094e+02 4.641566e+01
3.940748e+01 1.255447e+02 3.373700e+01
3.769507e+01 2.489049e+01 4.940963e+01
2.818918e+01 2.180257e+01 3.868912e+01
4.561186e+01 2.920125e+01 4.777177e+01
5.095876e+01 2.180368e+01 3.598465e+01
3.428124e+01 1.839587e+01 3.692819e+01
4.469151e+01 1.854016e+01 3.539059e+01
3.178973e+01 5.716140e+01 4.485493e+01
5.112603e+01 5.720496e+01 4.246737e+01
3.482846e+01 4.793703e+01 2.885895e+01
3.417014e+01 6.103222e+01 2.345743e+01
3.602189e+01 5.218394e+01 2.703741e+01
4.416639e+01 4.769143e+01 2.735380e+01
4.334639e+01 6.195237e+01 2.136081e+01
4.264985e+01 5.042715e+01 2.637422e+01
3.030964e+01 6.978068e+01 1.947150e+01
4.655832e+01 6.994233e+01 1.714350e+01
2.862203e+01 4.242062e+01 3.728867e+01
2.741537e+01 4.086757e+01 3.532276e+01
2.492153e+01 5.518691e+01 3.684508e+01
2.446171e+01 5.365756e+01 3.019322e+01
5.322972e+01 4.116724e+01 3.500896e+01
5.184385e+01 4.008751e+01 3.217113e+01
5.441703e+01 5.101176e+01 3.233295e+01
5.470689e+01 5.082262e+01 2.700866e+01
2.696868e+01 5.511972e+01 4.137754e+01
5.446680e+01 5.445947e+01 3.733552e+01
9.312344e+00 8.398979e+01 3.471907e+01
6.959169e+01 8.457473e+01 2.681667e+01
2.710294e+01 1.048641e+02 2.655797e+01
5.005470e+01 1.043570e+02 2.426381e+01
3.783431e+01 9.588527e+01 1.684393e+01
3.845017e+01 9.598073e+01 1.677893e+01
3.371021e+01 9.941824e+01 1.581501e+01
4.188002e+01 1.005431e+02 1.420799e+01
3.378730e+01 1.022480e+02 1.479058e+01
4.170008e+01 1.028986e+02 1.359656e+01
2.852085e+01 1.047933e+02 1.526599e+01
4.614958e+01 1.054239e+02 1.383581e+01
2.097975e+01 1.093083e+02 1.682831e+01
1.389516e+01 1.073174e+02 1.023357e+01
1.521302e+01 1.056177e+02 1.560683e+01
5.411494e+01 1.097778e+02 1.373328e+01
5.895112e+01 1.076304e+02 5.301195e+00
5.957495e+01 1.059016e+02 1.094379e+01
2.491797e+01 1.046034e+02 1.309674e+01
2.415377e+01 1.082164e+02 1.026392e+01
4.905708e+01 1.044545e+02 1.144695e+01
4.977185e+01 1.086803e+02 8.310781e+00
2.348578e+01 1.127309e+02 1.377101e+01
5.108744e+01 1.132608e+02 1.098751e+01
2.542220e+01 1.106189e+02 1.312299e+01
4.942455e+01 1.112450e+02 1.139019e+01
2.390431e+01 1.114272e+02 1.109075e+01
5.010211e+01 1.118822e+02 8.716102e+00
