[individuals]
1
[dimensions]
3
[landmarks]
58
[rawpoints]
'#1
4.483591e+01 1.261617e+01 5.960386e+01
3.581980e+01 6.700073e+01 5.596712e+01
2.927214e+01 1.064891e+02 5.608662e+01
2.773527e+01 1.292071e+02 3.877757e+01
3.769514e+01 3.056911e+01 5.812130e+01
3.324337e+01 2.335460e+01 4.457207e+01
4.575129e+01 3.494500e+01 5.916736e+01
5.676952e+01 2.607359e+01 4.925121e+01
4.035129e+01 2.046709e+01 4.502288e+01
5.140993e+01 2.249058e+01 4.651304e+01
2.778455e+01 5.551678e+01 5.096970e+01
4.812570e+01 5.854147e+01 5.491242e+01
3.778174e+01 5.017509e+01 3.690698e+01
3.623166e+01 6.161998e+01 3.033900e+01
3.521755e+01 5.810488e+01 3.142110e+01
4.626865e+01 5.190635e+01 3.800600e+01
4.499775e+01 6.393811e+01 3.196422e+01
4.735293e+01 6.228642e+01 3.358047e+01
3.215430e+01 6.736755e+01 2.584117e+01
4.853509e+01 7.133421e+01 2.929823e+01
2.816853e+01 4.125917e+01 4.278080e+01
2.889689e+01 4.000097e+01 4.011507e+01
2.498833e+01 5.230159e+01 4.030636e+01
2.635213e+01 5.154006e+01 3.423253e+01
5.512368e+01 4.652322e+01 4.788597e+01
5.537968e+01 4.521396e+01 4.550615e+01
5.520504e+01 5.769868e+01 4.578822e+01
5.521924e+01 5.414509e+01 4.096938e+01
2.496944e+01 5.211272e+01 4.480981e+01
5.308118e+01 5.679657e+01 5.043575e+01
5.819534e+00 7.792927e+01 3.391662e+01
6.606146e+01 8.886449e+01 4.490908e+01
2.181211e+01 1.024292e+02 3.411093e+01
4.324497e+01 1.055342e+02 3.844416e+01
3.611762e+01 9.641329e+01 2.414411e+01
3.614275e+01 9.634123e+01 2.415962e+01
3.346695e+01 9.817703e+01 2.395393e+01
3.806847e+01 9.902439e+01 2.525761e+01
3.135130e+01 1.022995e+02 2.171468e+01
3.956983e+01 1.035643e+02 2.365833e+01
2.547322e+01 1.050113e+02 2.173256e+01
4.356205e+01 1.072686e+02 2.541059e+01
1.788320e+01 1.081050e+02 1.971966e+01
1.433089e+01 1.043168e+02 1.075843e+01
1.306942e+01 1.035335e+02 1.530249e+01
4.972434e+01 1.133925e+02 2.722471e+01
5.673551e+01 1.122638e+02 1.927294e+01
5.575081e+01 1.097876e+02 2.544439e+01
2.334629e+01 1.024184e+02 1.943456e+01
2.165419e+01 1.070989e+02 1.515881e+01
4.654534e+01 1.059413e+02 2.439635e+01
4.869491e+01 1.118332e+02 2.104128e+01
1.894339e+01 1.117253e+02 1.826456e+01
4.854867e+01 1.166504e+02 2.419308e+01
2.208699e+01 1.092878e+02 1.902356e+01
4.668153e+01 1.135320e+02 2.346604e+01
2.074768e+01 1.104955e+02 1.663929e+01
4.784671e+01 1.148816e+02 2.213905e+01
