[individuals]
1
[dimensions]
3
[landmarks]
58
[rawpoints]
'#1
-1.567423e+00 -2.036138e+01 -3.567933e+00
5.913200e-02 -8.864829e+00 -2.399096e+00
6.989560e-01 6.099260e-01 -1.767189e+00
2.231237e+00 8.421131e+00 -6.083086e+00
-2.196758e+00 -1.483946e+01 -3.162089e+00
-3.152149e+00 -1.755928e+01 -7.758580e+00
6.742450e-01 -1.456509e+01 -2.812841e+00
1.580452e+00 -1.850106e+01 -7.201382e+00
-2.310868e+00 -1.695212e+01 -7.942206e+00
7.881940e-01 -1.757785e+01 -7.344057e+00
-2.564598e+00 -1.031745e+01 -3.436837e+00
2.544026e+00 -9.955434e+00 -2.812675e+00
-9.882970e-01 -1.151071e+01 -7.516346e+00
-5.843520e-01 -4.779040e+00 -8.731774e+00
-2.768870e-01 -4.926968e+00 -8.590630e+00
1.111001e+00 -1.158959e+01 -7.212917e+00
2.557079e+00 -5.326407e+00 -7.863158e+00
2.367544e+00 -5.278745e+00 -8.178359e+00
-1.049137e+00 -4.402805e+00 -1.033873e+01
3.546264e+00 -5.048848e+00 -9.872935e+00
-4.130484e+00 -1.138292e+01 -7.587640e+00
-3.821062e+00 -1.181422e+01 -8.222952e+00
-3.712144e+00 -8.974747e+00 -8.472747e+00
-3.697962e+00 -8.966875e+00 -9.171232e+00
4.137192e+00 -1.224378e+01 -6.621879e+00
3.879309e+00 -1.256821e+01 -7.373498e+00
4.537626e+00 -9.490797e+00 -7.553482e+00
4.650789e+00 -9.455273e+00 -8.426217e+00
-4.481939e+00 -1.073326e+01 -6.287083e+00
4.414269e+00 -1.152204e+01 -5.110161e+00
-8.194548e+00 1.245437e+00 -9.836498e+00
1.154403e+01 -1.434743e+00 -7.618447e+00
-5.614202e+00 3.019671e+00 -8.362123e+00
8.348129e+00 7.994460e-01 -6.273398e+00
9.787360e-01 8.914300e-02 -1.115261e+01
2.735372e+00 -1.921440e-01 -1.091109e+01
7.962930e-01 8.192030e-01 -1.217269e+01
3.387977e+00 5.345220e-01 -1.184618e+01
7.927040e-01 1.547987e+00 -1.181202e+01
3.322937e+00 1.404231e+00 -1.148273e+01
-1.820997e+00 1.553462e+00 -1.287604e+01
6.345961e+00 5.134940e-01 -1.199098e+01
-4.946548e+00 2.878164e+00 -1.205719e+01
-6.458403e+00 2.730143e+00 -1.242857e+01
-5.116744e+00 1.960732e+00 -1.199301e+01
8.748871e+00 1.317950e+00 -1.033695e+01
1.047187e+01 8.510609e-01 -1.041471e+01
9.435397e+00 3.021088e-01 -1.027085e+01
-2.511283e+00 -5.727050e-01 -1.064077e+01
-2.901852e+00 1.771512e+00 -1.337382e+01
5.752301e+00 -1.691035e+00 -9.602090e+00
7.526485e+00 4.808800e-01 -1.217247e+01
-2.643667e+00 5.097932e+00 -1.236975e+01
7.610773e+00 3.870039e+00 -1.120736e+01
-2.382309e+00 4.140947e+00 -1.344791e+01
6.854130e+00 2.031943e+00 -1.159016e+01
-2.138450e+00 3.153348e+00 -1.257565e+01
7.179169e+00 2.930002e+00 -1.271877e+01
