[individuals]
1
[dimensions]
3
[landmarks]
58
[rawpoints]
'#1
4.308768e+00 9.425472e+00 1.563826e+01
3.978433e+00 1.994527e+01 1.479661e+01
3.944003e+00 2.799151e+01 1.422099e+01
6.264452e+00 3.363343e+01 1.109390e+01
3.516375e+00 1.472228e+01 1.419460e+01
4.458916e+00 1.255338e+01 1.100422e+01
5.253414e+00 1.464342e+01 1.563975e+01
8.408771e+00 1.279888e+01 1.446900e+01
4.885520e+00 1.202915e+01 1.160721e+01
7.608128e+00 1.196081e+01 1.402537e+01
2.773902e+00 1.814140e+01 1.316938e+01
5.906570e+00 1.818830e+01 1.591816e+01
5.907976e+00 1.603398e+01 1.110942e+01
7.179099e+00 2.021909e+01 9.124319e+00
6.379359e+00 1.933289e+01 8.835672e+00
7.812302e+00 1.619120e+01 1.267421e+01
9.034713e+00 2.029507e+01 1.079386e+01
9.678347e+00 1.981847e+01 1.155290e+01
6.335039e+00 2.010598e+01 8.190828e+00
1.023096e+01 2.039363e+01 1.145660e+01
3.764458e+00 1.620675e+01 9.929928e+00
4.100559e+00 1.595256e+01 9.437505e+00
3.852280e+00 1.697448e+01 9.472733e+00
4.265707e+00 1.728188e+01 8.618397e+00
9.178792e+00 1.678182e+01 1.469786e+01
9.658323e+00 1.647261e+01 1.428653e+01
9.485602e+00 1.756246e+01 1.427349e+01
1.011343e+01 1.738790e+01 1.384569e+01
3.116118e+00 1.711283e+01 1.072610e+01
8.382208e+00 1.760989e+01 1.529801e+01
1.179560e+00 2.269309e+01 5.724778e+00
1.313688e+01 2.351084e+01 1.607806e+01
3.039181e+00 2.482513e+01 8.286247e+00
1.009537e+01 2.547600e+01 1.453656e+01
8.857524e+00 2.544137e+01 7.848848e+00
9.760159e+00 2.543727e+01 8.647320e+00
8.279762e+00 2.556999e+01 7.201977e+00
1.047657e+01 2.584686e+01 9.027481e+00
8.776316e+00 2.642967e+01 7.014380e+00
1.060221e+01 2.652486e+01 8.452354e+00
7.772593e+00 2.599003e+01 6.422971e+00
1.133316e+01 2.629575e+01 9.529892e+00
4.561848e+00 2.838333e+01 4.529354e+00
4.890042e+00 2.624485e+01 3.072931e+00
4.389070e+00 2.655741e+01 3.677516e+00
1.348168e+01 2.913470e+01 1.221537e+01
1.483138e+01 2.688490e+01 1.178587e+01
1.436950e+01 2.739803e+01 1.227159e+01
6.791210e+00 2.532735e+01 5.577010e+00
7.916816e+00 2.692697e+01 2.537880e+00
1.261201e+01 2.578559e+01 1.091209e+01
1.493675e+01 2.739650e+01 8.474975e+00
7.609086e+00 2.966205e+01 2.223827e+00
1.499219e+01 3.067805e+01 8.595373e+00
7.317617e+00 2.774667e+01 4.587588e+00
1.277852e+01 2.810291e+01 9.472570e+00
7.976343e+00 2.793504e+01 2.263220e+00
1.511061e+01 2.850192e+01 8.209220e+00
