[individuals]
1
[dimensions]
3
[landmarks]
58
[rawpoints]
'#1
3.532903e+00 -1.670300e-02 3.106123e+01
2.829325e+00 5.367750e+00 4.201583e+00
1.952911e+00 9.135574e+00 -1.649562e+01
1.587681e+00 8.717909e+00 -2.948349e+01
8.516960e-01 2.314758e+00 1.425218e+01
-2.565120e-01 -4.068769e+00 1.965195e+01
5.557306e+00 2.520760e+00 1.380897e+01
6.915369e+00 -4.176619e+00 1.970892e+01
2.276658e+00 -3.733723e+00 2.393926e+01
4.481082e+00 -3.691637e+00 2.376310e+01
1.551970e-01 4.244804e+00 6.013992e+00
5.724754e+00 4.356041e+00 6.080346e+00
4.122710e-01 -3.357645e+00 5.141636e+00
-9.357500e-02 -4.695504e+00 -4.433387e+00
-1.151832e+00 -4.931943e+00 -3.865914e+00
5.786699e+00 -3.358467e+00 5.372683e+00
5.407078e+00 -4.623565e+00 -4.982276e+00
6.197450e+00 -4.600810e+00 -4.505966e+00
-1.408282e+00 -6.574504e+00 -8.311470e+00
6.724960e+00 -6.331398e+00 -9.021266e+00
-3.522522e+00 -3.191406e+00 4.165026e+00
-2.970762e+00 -5.170507e+00 5.272431e+00
-4.713933e+00 -3.525245e+00 -2.440187e+00
-4.505232e+00 -5.600337e+00 -2.794694e+00
9.502196e+00 -3.041873e+00 3.957350e+00
9.079542e+00 -5.226982e+00 4.666624e+00
1.045292e+01 -3.290659e+00 -3.172817e+00
1.039383e+01 -5.388401e+00 -3.158311e+00
-5.113973e+00 -6.215300e-01 -1.138483e+00
1.071278e+01 -2.579240e-01 -2.185672e+00
-1.026098e+01 -3.758274e+00 -1.238460e+01
1.507238e+01 -3.130770e+00 -1.326589e+01
-6.059631e+00 4.574287e+00 -2.008933e+01
1.021886e+01 4.471664e+00 -2.125283e+01
2.087823e+00 -5.920977e+00 -1.950489e+01
2.096578e+00 -5.914865e+00 -1.952451e+01
-1.598119e+00 -5.963519e+00 -2.034065e+01
5.812678e+00 -6.155711e+00 -2.076236e+01
-7.474580e-01 -6.302411e+00 -2.154379e+01
5.137259e+00 -6.321853e+00 -2.199392e+01
-3.921245e+00 -5.895420e+00 -2.109292e+01
8.474409e+00 -6.151031e+00 -2.128024e+01
-7.170178e+00 -5.158293e+00 -2.278892e+01
-8.443841e+00 -6.398691e+00 -2.273620e+01
-8.560224e+00 -4.854513e+00 -2.190488e+01
1.130606e+01 -4.593409e+00 -2.355351e+01
1.272728e+01 -5.889509e+00 -2.341204e+01
1.281595e+01 -4.271123e+00 -2.230510e+01
-5.589181e+00 -5.487871e+00 -2.131566e+01
-4.344316e+00 -8.396752e+00 -2.504296e+01
9.739916e+00 -4.914326e+00 -2.148512e+01
8.848287e+00 -8.075114e+00 -2.528734e+01
-6.531156e+00 -6.931259e+00 -2.698950e+01
1.049239e+01 -6.450146e+00 -2.742350e+01
-4.662957e+00 -6.345185e+00 -2.483496e+01
8.845433e+00 -6.120915e+00 -2.534679e+01
-5.374806e+00 -7.615570e+00 -2.597382e+01
9.177805e+00 -7.478698e+00 -2.633331e+01
