[individuals]
1
[dimensions]
3
[landmarks]
58
[rawpoints]
'#1
3.353401e+00 7.627660e-01 8.428538e+00
7.795117e+00 9.935966e+00 1.367760e+01
1.125718e+01 1.679449e+01 1.786452e+01
1.367835e+01 2.204441e+01 1.773304e+01
4.111870e+00 4.302226e+00 1.035800e+01
3.149924e+00 5.715576e+00 7.384956e+00
5.748608e+00 3.541236e+00 1.034294e+01
7.047849e+00 3.776922e+00 7.116143e+00
3.743839e+00 5.167461e+00 7.453072e+00
6.249094e+00 3.947288e+00 7.265384e+00
5.381204e+00 8.412157e+00 1.253572e+01
8.199415e+00 7.155622e+00 1.252026e+01
5.491534e+00 8.380177e+00 8.593057e+00
8.144501e+00 1.355058e+01 9.383623e+00
6.893220e+00 1.218784e+01 9.248430e+00
7.678548e+00 7.435240e+00 8.592123e+00
9.789433e+00 1.281417e+01 9.354318e+00
9.551781e+00 1.087032e+01 9.221083e+00
7.470019e+00 1.513615e+01 9.221600e+00
1.146727e+01 1.326004e+01 8.984493e+00
3.903221e+00 1.024464e+01 9.734664e+00
4.077948e+00 1.012786e+01 8.780255e+00
4.259122e+00 1.151281e+01 9.962201e+00
4.531984e+00 1.161173e+01 8.991982e+00
1.039750e+01 7.540627e+00 9.425880e+00
1.039470e+01 7.952536e+00 8.519680e+00
1.094359e+01 8.217922e+00 9.720730e+00
1.087609e+01 8.898192e+00 8.670469e+00
4.298127e+00 1.085816e+01 1.131548e+01
1.061274e+01 7.992805e+00 1.121880e+01
3.730062e+00 1.887163e+01 1.259416e+01
1.688346e+01 1.247180e+01 1.174258e+01
7.089812e+00 2.165326e+01 1.470781e+01
1.735866e+01 1.683273e+01 1.398856e+01
1.092372e+01 1.727831e+01 1.029016e+01
1.092235e+01 1.726819e+01 1.029054e+01
1.074714e+01 1.990647e+01 1.040064e+01
1.320567e+01 1.886539e+01 1.025907e+01
1.133939e+01 2.096301e+01 1.050980e+01
1.341692e+01 1.962961e+01 1.052538e+01
9.603456e+00 2.069897e+01 1.018829e+01
1.444502e+01 1.823917e+01 9.790392e+00
7.814155e+00 2.221501e+01 1.131539e+01
6.929348e+00 2.259638e+01 1.051258e+01
6.996367e+00 2.245985e+01 1.121760e+01
1.684011e+01 1.798766e+01 1.067160e+01
1.751917e+01 1.762621e+01 9.760013e+00
1.758803e+01 1.757533e+01 1.028837e+01
8.398848e+00 2.071040e+01 1.052695e+01
1.031648e+01 2.258242e+01 9.428499e+00
1.522338e+01 1.739841e+01 1.018797e+01
1.583931e+01 1.988642e+01 8.753030e+00
1.015316e+01 2.502246e+01 1.063933e+01
1.760687e+01 2.140548e+01 1.036775e+01
1.007148e+01 2.293384e+01 1.048290e+01
1.631586e+01 2.027802e+01 1.004263e+01
9.483886e+00 2.421984e+01 1.016497e+01
1.723064e+01 2.052781e+01 9.629944e+00
