[individuals]
1
[dimensions]
3
[landmarks]
58
[rawpoints]
'#1
4.526238e+00 1.239760e+00 1.088746e+01
8.066375e+00 1.135099e+01 1.447876e+01
1.099923e+01 1.955732e+01 1.708112e+01
1.197818e+01 2.494591e+01 1.617585e+01
4.977669e+00 5.047953e+00 1.260272e+01
2.885461e+00 5.781615e+00 9.548352e+00
6.810281e+00 4.847795e+00 1.208638e+01
7.014271e+00 4.808693e+00 8.424361e+00
3.708336e+00 4.355370e+00 9.152990e+00
5.444910e+00 3.922762e+00 8.549092e+00
5.652368e+00 9.434745e+00 1.385174e+01
8.770372e+00 8.836065e+00 1.296753e+01
5.018004e+00 9.371786e+00 1.002475e+01
6.425145e+00 1.498434e+01 9.805002e+00
5.039167e+00 1.192941e+01 9.902205e+00
7.089281e+00 8.640158e+00 9.393785e+00
8.448839e+00 1.446398e+01 9.083900e+00
8.130146e+00 1.130199e+01 8.967292e+00
5.223217e+00 1.628986e+01 9.716317e+00
9.772745e+00 1.536877e+01 8.415721e+00
3.350528e+00 1.074778e+01 1.153858e+01
3.026353e+00 1.065706e+01 1.058140e+01
3.446435e+00 1.195374e+01 1.163638e+01
3.275745e+00 1.253087e+01 1.051980e+01
9.688430e+00 9.014906e+00 9.698799e+00
9.483318e+00 9.618451e+00 8.612068e+00
1.021982e+01 1.017933e+01 9.608245e+00
9.926146e+00 1.044442e+01 8.461206e+00
3.845882e+00 1.170054e+01 1.302201e+01
1.058224e+01 1.005363e+01 1.101226e+01
1.349314e+00 1.907033e+01 1.346344e+01
1.573596e+01 1.581702e+01 9.020185e+00
5.121135e+00 2.341509e+01 1.520801e+01
1.567580e+01 2.083372e+01 1.166186e+01
8.231234e+00 2.096666e+01 9.500599e+00
9.491710e+00 2.095912e+01 9.026516e+00
7.611365e+00 2.166604e+01 9.645195e+00
1.020124e+01 2.096803e+01 8.762522e+00
7.863954e+00 2.270116e+01 9.582700e+00
1.044719e+01 2.199440e+01 8.749293e+00
7.031048e+00 2.300516e+01 9.943510e+00
1.140252e+01 2.195514e+01 8.522255e+00
4.665000e+00 2.466224e+01 1.191975e+01
3.630524e+00 2.351825e+01 1.071288e+01
3.683071e+00 2.326460e+01 1.139819e+01
1.479689e+01 2.240359e+01 8.795995e+00
1.455517e+01 2.098525e+01 7.343171e+00
1.461511e+01 2.073166e+01 7.971152e+00
5.192129e+00 2.202027e+01 1.057976e+01
6.400091e+00 2.392739e+01 8.897516e+00
1.263100e+01 2.030316e+01 8.176589e+00
1.157174e+01 2.269989e+01 7.155546e+00
5.071136e+00 2.573834e+01 1.089688e+01
1.446418e+01 2.356875e+01 7.933017e+00
5.862942e+00 2.472733e+01 9.955821e+00
1.277999e+01 2.301261e+01 7.760201e+00
5.188805e+00 2.534012e+01 9.393482e+00
1.325408e+01 2.334765e+01 6.694304e+00
