[individuals]
1
[dimensions]
3
[landmarks]
58
[rawpoints]
'#1
2.096100e+01 9.687810e+00 2.523354e+01
2.219641e+01 2.409978e+01 2.834921e+01
2.164748e+01 3.709974e+01 3.088245e+01
2.235975e+01 5.464015e+01 2.853052e+01
1.960867e+01 1.457717e+01 2.655138e+01
1.553836e+01 1.554156e+01 1.606678e+01
2.410550e+01 1.775678e+01 2.676715e+01
2.681194e+01 1.506164e+01 1.555163e+01
2.026313e+01 1.581876e+01 1.743295e+01
2.269596e+01 1.616207e+01 1.729343e+01
1.871084e+01 2.190463e+01 2.741400e+01
2.564592e+01 2.285152e+01 2.743065e+01
1.797774e+01 2.947764e+01 1.701766e+01
1.838581e+01 3.154646e+01 1.679117e+01
1.785382e+01 3.180370e+01 1.661548e+01
2.489474e+01 2.915245e+01 1.662539e+01
2.458431e+01 3.142039e+01 1.650322e+01
2.516074e+01 3.143393e+01 1.626524e+01
1.704321e+01 3.626700e+01 1.545180e+01
2.580375e+01 3.622102e+01 1.486840e+01
1.391170e+01 2.071066e+01 2.121333e+01
1.378892e+01 2.032128e+01 1.991765e+01
1.410255e+01 2.609204e+01 1.920944e+01
1.405147e+01 2.641271e+01 1.814578e+01
2.892692e+01 2.043262e+01 1.977378e+01
2.889068e+01 2.049540e+01 1.854738e+01
2.897008e+01 2.522935e+01 1.836030e+01
2.943797e+01 2.592471e+01 1.731475e+01
1.437416e+01 2.255894e+01 2.484316e+01
2.898212e+01 2.236247e+01 2.395489e+01
3.159221e+00 3.311139e+01 2.413615e+01
4.039376e+01 3.187017e+01 2.277048e+01
1.353488e+01 4.344282e+01 2.712173e+01
3.161144e+01 4.702284e+01 2.635379e+01
1.794666e+01 4.510853e+01 1.602823e+01
2.523394e+01 4.446712e+01 1.592967e+01
1.773843e+01 4.667811e+01 1.628456e+01
2.456951e+01 4.594288e+01 1.615052e+01
1.899023e+01 4.825266e+01 1.621169e+01
2.412618e+01 4.808099e+01 1.607678e+01
1.641405e+01 4.799157e+01 1.651533e+01
2.678285e+01 4.849166e+01 1.643925e+01
9.677601e+00 5.142704e+01 1.998261e+01
4.088804e+00 4.888512e+01 1.809843e+01
6.020840e+00 5.022377e+01 2.092787e+01
3.329617e+01 5.085222e+01 1.905702e+01
3.967438e+01 4.825713e+01 1.615478e+01
3.636282e+01 4.989077e+01 2.000191e+01
1.339318e+01 4.664285e+01 1.745947e+01
1.431099e+01 5.346291e+01 1.144122e+01
3.048700e+01 4.599355e+01 1.818389e+01
2.832257e+01 5.374826e+01 1.126874e+01
1.379054e+01 5.553598e+01 1.570618e+01
2.977206e+01 5.517736e+01 1.525630e+01
1.478251e+01 5.134529e+01 1.539002e+01
2.909967e+01 5.123363e+01 1.544978e+01
1.402994e+01 5.346922e+01 1.482425e+01
2.926429e+01 5.309297e+01 1.399560e+01
