[individuals]
1
[dimensions]
3
[landmarks]
58
[rawpoints]
'#1
2.085791e+01 2.823356e+00 2.608696e+01
1.939527e+01 3.310234e+01 2.958044e+01
1.877511e+01 5.303902e+01 2.805017e+01
1.745837e+01 6.340034e+01 1.835997e+01
1.780335e+01 1.561663e+01 2.740523e+01
1.587446e+01 1.437241e+01 1.971448e+01
2.280571e+01 1.507511e+01 2.750098e+01
2.529698e+01 1.462918e+01 2.012067e+01
1.750015e+01 1.462293e+01 1.870535e+01
2.358986e+01 1.461238e+01 1.882384e+01
1.403381e+01 3.178274e+01 2.889765e+01
2.457989e+01 3.282895e+01 2.906452e+01
1.632598e+01 2.898708e+01 1.761224e+01
1.709300e+01 3.988016e+01 1.092887e+01
1.515962e+01 3.823337e+01 1.203759e+01
2.319279e+01 2.958179e+01 1.755451e+01
2.107854e+01 4.010665e+01 1.128410e+01
2.306705e+01 3.886134e+01 1.248745e+01
1.467659e+01 4.011105e+01 1.110030e+01
2.326372e+01 4.046575e+01 1.137821e+01
1.264953e+01 2.357918e+01 2.126452e+01
1.294405e+01 2.369479e+01 2.017601e+01
1.231125e+01 3.323191e+01 1.923867e+01
1.273987e+01 3.273338e+01 1.826702e+01
2.717204e+01 2.488745e+01 2.171063e+01
2.675259e+01 2.443447e+01 2.088623e+01
2.603230e+01 3.366540e+01 1.945915e+01
2.608880e+01 3.352262e+01 1.851619e+01
9.237910e+00 3.373456e+01 2.612924e+01
2.893618e+01 3.500703e+01 2.673721e+01
2.632525e+00 4.121141e+01 1.826322e+01
3.497185e+01 4.296262e+01 1.889566e+01
1.116063e+01 4.609681e+01 2.070934e+01
2.710845e+01 4.908581e+01 2.176597e+01
1.782351e+01 4.718081e+01 1.091398e+01
1.953733e+01 4.730821e+01 1.099215e+01
1.702395e+01 4.880981e+01 9.590951e+00
2.001144e+01 4.887911e+01 9.967197e+00
1.557615e+01 5.090240e+01 7.573433e+00
2.127342e+01 5.157755e+01 7.498395e+00
1.387779e+01 5.042446e+01 8.072783e+00
2.322407e+01 5.084290e+01 8.250647e+00
6.427565e+00 5.405868e+01 1.027407e+01
4.108806e+00 5.387636e+01 9.676496e+00
4.047497e+00 5.281875e+01 1.063267e+01
2.961022e+01 5.532972e+01 1.043545e+01
3.180264e+01 5.566029e+01 1.023658e+01
3.215676e+01 5.477176e+01 1.104401e+01
1.020103e+01 4.945387e+01 8.548484e+00
1.132736e+01 5.324895e+01 4.980111e+00
2.676066e+01 5.048196e+01 9.368643e+00
2.557646e+01 5.423943e+01 5.314323e+00
9.226119e+00 5.477502e+01 6.881098e+00
2.711396e+01 5.540247e+01 7.710277e+00
1.123618e+01 5.332622e+01 8.130657e+00
2.520911e+01 5.420993e+01 8.198508e+00
1.087696e+01 5.393607e+01 6.411569e+00
2.502651e+01 5.448225e+01 6.822744e+00
