[individuals]
1
[dimensions]
3
[landmarks]
58
[rawpoints]
'#1
-1.213166e+00 -4.951474e+01 -5.836051e+00
1.974780e-01 -2.277394e+01 -2.757013e+00
1.825497e+00 7.076390e-01 -2.355961e+00
2.860675e+00 1.406188e+01 -5.082703e+00
-2.706940e+00 -3.480648e+01 -4.917645e+00
-5.809988e+00 -4.022833e+01 -1.157762e+01
1.974401e+00 -3.492909e+01 -4.931112e+00
4.029335e+00 -4.166292e+01 -1.150343e+01
-3.702821e+00 -4.215797e+01 -1.072324e+01
1.752471e+00 -4.311101e+01 -1.119494e+01
-2.753229e+00 -2.657830e+01 -3.685004e+00
3.300215e+00 -2.680742e+01 -3.772714e+00
-2.014863e+00 -2.795913e+01 -1.240366e+01
-1.041498e+00 -2.191184e+01 -1.404063e+01
-7.841370e-01 -2.090414e+01 -1.437236e+01
1.600381e+00 -2.819455e+01 -1.262247e+01
9.247830e-01 -2.175608e+01 -1.398612e+01
1.759799e+00 -2.158580e+01 -1.405344e+01
-3.855430e+00 -1.461307e+01 -1.707318e+01
5.020220e+00 -1.531339e+01 -1.692593e+01
-7.502311e+00 -2.646212e+01 -1.056952e+01
-7.190417e+00 -2.719386e+01 -1.320962e+01
-8.093571e+00 -1.783284e+01 -1.228103e+01
-7.721434e+00 -1.788152e+01 -1.486220e+01
7.049173e+00 -2.748967e+01 -1.085151e+01
7.006469e+00 -2.783411e+01 -1.361172e+01
8.419025e+00 -1.899927e+01 -1.242941e+01
8.799407e+00 -1.926841e+01 -1.458569e+01
-9.361596e+00 -1.934965e+01 -9.813597e+00
1.004853e+01 -2.060578e+01 -9.661184e+00
-1.378212e+01 -8.031472e+00 -1.426065e+01
1.616995e+01 -9.579868e+00 -1.420647e+01
-7.374513e+00 2.323750e-01 -1.334993e+01
1.085206e+01 -9.216850e-01 -1.316866e+01
1.414475e+00 -3.604027e+00 -1.782316e+01
1.438220e+00 -3.587048e+00 -1.781963e+01
-1.031039e+00 -3.928802e+00 -1.829230e+01
3.526614e+00 -4.352802e+00 -1.791170e+01
2.299240e-01 2.179269e+00 -2.024855e+01
3.237763e+00 2.064400e+00 -1.952530e+01
-4.383464e+00 -2.613645e+00 -1.886788e+01
8.066393e+00 -3.319721e+00 -1.936683e+01
-1.024108e+01 7.654193e+00 -1.654479e+01
-1.211184e+01 4.574503e+00 -1.919829e+01
-1.139319e+01 3.702596e+00 -1.756020e+01
1.484431e+01 6.642053e+00 -1.596527e+01
1.559624e+01 2.180714e+00 -1.933578e+01
1.568096e+01 1.844330e+00 -1.750338e+01
-5.504837e+00 8.460300e-02 -1.669784e+01
-5.096998e+00 7.216925e+00 -2.206047e+01
9.276812e+00 -9.221520e-01 -1.702302e+01
7.291009e+00 5.247986e+00 -2.134027e+01
-6.349088e+00 8.647888e+00 -1.919597e+01
1.086059e+01 7.816985e+00 -1.930195e+01
-4.735798e+00 6.683781e+00 -1.929410e+01
9.041538e+00 6.043271e+00 -1.934196e+01
-5.798217e+00 8.276573e+00 -1.989274e+01
1.015688e+01 7.324064e+00 -2.033740e+01
