[individuals]
1
[dimensions]
3
[landmarks]
58
[rawpoints]
'#1
-1.887618e+00 -2.865143e+01 1.624159e+00
-8.470530e-01 -9.454390e+00 5.181775e+00
2.392260e-01 8.185347e+00 7.689764e+00
1.469050e+00 2.151291e+01 4.339216e+00
-3.183204e+00 -1.755341e+01 3.056952e+00
-4.805202e+00 -2.000846e+01 -1.173569e+00
8.551850e-01 -1.753148e+01 3.095969e+00
2.059138e+00 -2.061816e+01 -1.317138e+00
-3.684283e+00 -2.253959e+01 -2.033350e+00
7.120950e-01 -2.299071e+01 -2.106821e+00
-3.521297e+00 -1.155744e+01 4.281351e+00
1.565674e+00 -1.245765e+01 4.216133e+00
-2.499008e+00 -1.223892e+01 -2.742412e+00
-2.464093e+00 -6.332105e+00 -3.822593e+00
-3.124366e+00 -6.365892e+00 -3.841143e+00
7.720490e-01 -1.256846e+01 -2.745600e+00
9.449280e-01 -6.176443e+00 -4.023109e+00
1.776463e+00 -6.353039e+00 -3.956291e+00
-3.807628e+00 -7.643630e-01 -6.027585e+00
3.087819e+00 -1.338593e+00 -6.217701e+00
-6.703816e+00 -1.073430e+01 -1.132930e+00
-6.734572e+00 -1.113659e+01 -3.007797e+00
-7.130301e+00 -3.913560e+00 -2.439518e+00
-6.889340e+00 -3.486148e+00 -4.199599e+00
5.086169e+00 -1.107734e+01 -1.483424e+00
5.072007e+00 -1.152390e+01 -3.008378e+00
6.374866e+00 -4.567663e+00 -2.649034e+00
5.734924e+00 -4.797689e+00 -4.070226e+00
-8.219053e+00 -4.829447e+00 -6.000530e-01
7.241030e+00 -5.648168e+00 -7.771280e-01
-1.192908e+01 3.972203e+00 -3.944436e+00
1.162239e+01 2.979699e+00 -4.057587e+00
-6.702133e+00 8.485462e+00 2.692007e+00
6.512295e+00 6.919662e+00 1.334816e+00
-1.901090e-01 7.211244e+00 -5.906448e+00
2.393380e-01 7.373021e+00 -5.918967e+00
-1.698891e+00 6.706005e+00 -6.714375e+00
1.629937e+00 6.798307e+00 -6.570610e+00
-1.155869e+00 1.252555e+01 -7.956491e+00
1.549383e+00 1.203854e+01 -7.920177e+00
-6.488346e+00 7.368562e+00 -7.343002e+00
5.355891e+00 6.541430e+00 -7.004918e+00
-9.413881e+00 1.596616e+01 -4.219919e+00
-1.096444e+01 1.316691e+01 -5.841648e+00
-1.049716e+01 1.279548e+01 -4.967699e+00
1.095303e+01 1.380428e+01 -4.595345e+00
1.148104e+01 1.182983e+01 -6.087143e+00
1.105418e+01 1.120367e+01 -4.742010e+00
-5.631904e+00 8.454345e+00 -4.322916e+00
-4.583331e+00 1.597726e+01 -1.038885e+01
5.812525e+00 7.758749e+00 -4.410282e+00
5.264791e+00 1.511424e+01 -1.030357e+01
-6.491603e+00 1.757365e+01 -6.410437e+00
7.495091e+00 1.625294e+01 -6.943861e+00
-5.184144e+00 1.547710e+01 -7.160727e+00
5.947743e+00 1.464700e+01 -7.160365e+00
-5.598171e+00 1.685717e+01 -7.447666e+00
7.276085e+00 1.616098e+01 -7.830330e+00
