[individuals]
1
[dimensions]
3
[landmarks]
58
[rawpoints]
'#1
9.985612e+00 2.819288e+00 1.295276e+01
1.003349e+01 1.696312e+01 1.495554e+01
1.033490e+01 2.515907e+01 1.542489e+01
9.692833e+00 3.094058e+01 1.323199e+01
8.494462e+00 1.161257e+01 1.384092e+01
7.549431e+00 7.943967e+00 1.008095e+01
1.117923e+01 1.169563e+01 1.328108e+01
1.095646e+01 8.095686e+00 9.445864e+00
9.205642e+00 8.751661e+00 1.064014e+01
9.432571e+00 8.644332e+00 1.065426e+01
7.240552e+00 1.495086e+01 1.406814e+01
1.224022e+01 1.475469e+01 1.308089e+01
8.320048e+00 1.196053e+01 1.042122e+01
7.684861e+00 1.838409e+01 8.314794e+00
7.072486e+00 1.641579e+01 9.241138e+00
1.009847e+01 1.200157e+01 1.014625e+01
9.586256e+00 1.854077e+01 7.918036e+00
1.073838e+01 1.637813e+01 8.510703e+00
6.588909e+00 1.889802e+01 7.981527e+00
1.066008e+01 1.906890e+01 7.225064e+00
5.632017e+00 1.392884e+01 1.178802e+01
5.671756e+00 1.352487e+01 1.078064e+01
4.798964e+00 1.676928e+01 1.060990e+01
4.758917e+00 1.677053e+01 9.831006e+00
1.309896e+01 1.432388e+01 1.018953e+01
1.277594e+01 1.391714e+01 9.373261e+00
1.333634e+01 1.668814e+01 9.179951e+00
1.317556e+01 1.655611e+01 8.357065e+00
5.019473e+00 1.559691e+01 1.173562e+01
1.350336e+01 1.559420e+01 1.020700e+01
2.367893e+00 2.097350e+01 1.143892e+01
1.569250e+01 2.095660e+01 8.641631e+00
4.011768e+00 2.471335e+01 1.243684e+01
1.454551e+01 2.536007e+01 1.062545e+01
8.456369e+00 2.388100e+01 7.482655e+00
8.448361e+00 2.388014e+01 7.483164e+00
6.728311e+00 2.473909e+01 7.319355e+00
1.003474e+01 2.478973e+01 6.677467e+00
6.852705e+00 2.591116e+01 7.232566e+00
1.001926e+01 2.599393e+01 6.676682e+00
5.882995e+00 2.494342e+01 7.425095e+00
1.104222e+01 2.512488e+01 6.389033e+00
2.761598e+00 2.702183e+01 9.113816e+00
2.417045e+00 2.631764e+01 9.086961e+00
3.010779e+00 2.630147e+01 9.419622e+00
1.429327e+01 2.755949e+01 6.882630e+00
1.472083e+01 2.657461e+01 6.606955e+00
1.433849e+01 2.660938e+01 7.065269e+00
4.732422e+00 2.439157e+01 8.027995e+00
4.450454e+00 2.616674e+01 6.120865e+00
1.300413e+01 2.422716e+01 7.451146e+00
1.155324e+01 2.633239e+01 4.623280e+00
3.221012e+00 2.771230e+01 7.681030e+00
1.339501e+01 2.817997e+01 5.606862e+00
4.325550e+00 2.680016e+01 7.239613e+00
1.221122e+01 2.722921e+01 5.536196e+00
3.981670e+00 2.765976e+01 6.446177e+00
1.221084e+01 2.791755e+01 4.765995e+00
