[individuals]
1
[dimensions]
3
[landmarks]
58
[rawpoints]
'#1
2.865541e+01 3.912874e+00 3.490087e+01
2.956634e+01 2.609786e+01 3.664697e+01
2.783786e+01 4.590400e+01 3.439824e+01
2.524917e+01 5.884911e+01 3.006845e+01
2.725463e+01 1.394285e+01 3.618452e+01
2.097063e+01 8.951052e+00 3.053923e+01
3.115733e+01 1.371851e+01 3.439780e+01
3.089453e+01 9.076168e+00 2.589036e+01
2.373754e+01 8.643896e+00 2.939015e+01
2.817898e+01 9.162266e+00 2.706410e+01
2.502513e+01 2.325891e+01 3.588435e+01
3.237193e+01 2.340807e+01 3.232473e+01
2.278068e+01 2.071804e+01 2.636671e+01
2.100022e+01 2.813002e+01 2.334259e+01
2.117859e+01 2.603813e+01 2.438607e+01
2.632707e+01 2.073197e+01 2.470597e+01
2.503933e+01 2.814194e+01 2.153797e+01
2.589669e+01 2.674724e+01 2.203506e+01
1.777001e+01 3.315647e+01 2.228858e+01
2.584859e+01 3.335677e+01 1.828792e+01
2.067183e+01 1.781980e+01 3.239593e+01
1.949666e+01 1.728295e+01 3.034165e+01
1.937626e+01 2.170325e+01 3.165218e+01
1.873906e+01 2.122519e+01 2.938797e+01
3.252608e+01 1.794487e+01 2.675192e+01
3.162321e+01 1.767852e+01 2.480186e+01
3.240673e+01 2.201210e+01 2.549832e+01
3.150461e+01 2.150366e+01 2.332201e+01
2.179618e+01 2.213729e+01 3.372887e+01
3.290536e+01 2.218447e+01 2.860693e+01
9.685995e+00 3.929380e+01 3.200304e+01
3.819057e+01 3.991712e+01 1.845948e+01
1.595866e+01 4.858557e+01 2.842287e+01
3.107353e+01 4.959248e+01 2.174002e+01
2.087958e+01 4.452057e+01 1.870140e+01
2.088152e+01 4.452226e+01 1.870024e+01
1.812229e+01 4.766862e+01 1.872238e+01
2.239334e+01 4.742513e+01 1.683645e+01
1.811228e+01 4.955614e+01 1.822085e+01
2.172162e+01 4.956172e+01 1.656293e+01
1.582178e+01 5.060421e+01 1.966600e+01
2.417231e+01 5.047985e+01 1.567709e+01
1.207886e+01 5.375909e+01 2.279078e+01
7.978520e+00 5.161824e+01 2.008854e+01
9.074288e+00 5.115544e+01 2.291285e+01
2.860766e+01 5.433889e+01 1.507225e+01
2.995103e+01 5.210716e+01 9.673488e+00
3.078165e+01 5.193492e+01 1.196439e+01
1.412812e+01 4.950088e+01 2.125964e+01
1.166990e+01 5.329858e+01 1.775252e+01
2.577115e+01 4.965341e+01 1.538774e+01
2.488332e+01 5.329417e+01 1.126285e+01
1.185909e+01 5.621240e+01 2.013960e+01
2.661037e+01 5.644850e+01 1.297875e+01
1.346653e+01 5.480270e+01 1.918387e+01
2.492296e+01 5.507789e+01 1.350181e+01
1.108613e+01 5.538274e+01 1.852317e+01
2.562644e+01 5.564582e+01 1.140465e+01
