[individuals]
1
[dimensions]
3
[landmarks]
58
[rawpoints]
'#1
2.119445e+01 7.742490e+00 2.849972e+01
2.257226e+01 4.828333e+01 3.455537e+01
2.381557e+01 7.239541e+01 3.933337e+01
2.487392e+01 9.040177e+01 3.781347e+01
1.947386e+01 3.036061e+01 3.189824e+01
1.564503e+01 2.541706e+01 2.657447e+01
2.378870e+01 2.964535e+01 3.099576e+01
2.560435e+01 2.456603e+01 2.430112e+01
1.733583e+01 2.187053e+01 2.562438e+01
2.369611e+01 2.168335e+01 2.458503e+01
1.866090e+01 4.407249e+01 3.408085e+01
2.544859e+01 4.350594e+01 3.266719e+01
1.909109e+01 3.897599e+01 2.436693e+01
1.863052e+01 5.603565e+01 2.383023e+01
1.601346e+01 5.349990e+01 2.246233e+01
2.197741e+01 3.791726e+01 2.377204e+01
2.372807e+01 5.499738e+01 2.084663e+01
2.440450e+01 5.286667e+01 2.094073e+01
1.530776e+01 6.143121e+01 2.082094e+01
2.455634e+01 6.109581e+01 1.886508e+01
1.185113e+01 4.565297e+01 2.971581e+01
1.154031e+01 4.536716e+01 2.688203e+01
1.070679e+01 5.285245e+01 2.947045e+01
1.068039e+01 5.337962e+01 2.726955e+01
3.071871e+01 4.592681e+01 2.593588e+01
3.021049e+01 4.536275e+01 2.323948e+01
3.185244e+01 5.254483e+01 2.538094e+01
3.157795e+01 5.278530e+01 2.329805e+01
8.882745e+00 5.324114e+01 3.098277e+01
3.352813e+01 5.225613e+01 2.608975e+01
2.700627e+00 6.523385e+01 2.797488e+01
3.969466e+01 6.400116e+01 2.081303e+01
1.597588e+01 7.586656e+01 3.732212e+01
3.126969e+01 7.511687e+01 3.425482e+01
2.054102e+01 7.500730e+01 2.056654e+01
2.047603e+01 7.491164e+01 2.057148e+01
1.910048e+01 7.498837e+01 1.975905e+01
2.154609e+01 7.461484e+01 1.902052e+01
1.878094e+01 7.962379e+01 2.074014e+01
2.310196e+01 7.948890e+01 2.011884e+01
1.694413e+01 7.517693e+01 2.027487e+01
2.365691e+01 7.543501e+01 1.936554e+01
7.422037e+00 8.214647e+01 2.694580e+01
6.618593e+00 8.152658e+01 2.353543e+01
7.270570e+00 8.011733e+01 2.515605e+01
3.559908e+01 8.137960e+01 2.128372e+01
3.520926e+01 8.094319e+01 1.798457e+01
3.515013e+01 7.906219e+01 2.031912e+01
1.444009e+01 7.409412e+01 2.558079e+01
1.390471e+01 8.311360e+01 1.684106e+01
2.730816e+01 7.319538e+01 2.314903e+01
2.682181e+01 8.190724e+01 2.128040e+01
1.173291e+01 8.734418e+01 2.313309e+01
3.085516e+01 8.668970e+01 1.971102e+01
1.370413e+01 8.520164e+01 2.208986e+01
2.836041e+01 8.493472e+01 1.902411e+01
1.294314e+01 8.433010e+01 1.843820e+01
2.769081e+01 8.397420e+01 1.552933e+01
