[individuals]
1
[dimensions]
3
[landmarks]
58
[rawpoints]
'#1
1.330228e+01 5.044120e+00 1.993862e+01
1.180694e+01 1.965025e+01 1.823900e+01
1.094500e+01 2.940326e+01 1.663854e+01
9.989814e+00 3.495408e+01 1.314533e+01
1.158295e+01 9.533923e+00 1.968334e+01
9.749830e+00 7.838669e+00 1.563782e+01
1.414630e+01 1.040156e+01 1.933718e+01
1.539788e+01 8.278791e+00 1.519065e+01
1.093884e+01 7.540218e+00 1.609324e+01
1.438081e+01 7.908904e+00 1.578009e+01
1.032467e+01 1.540736e+01 1.869886e+01
1.429863e+01 1.578341e+01 1.841510e+01
1.055641e+01 1.326736e+01 1.442313e+01
9.708916e+00 1.800466e+01 1.188507e+01
9.258241e+00 1.735484e+01 1.227944e+01
1.366930e+01 1.365926e+01 1.412423e+01
1.320061e+01 1.821272e+01 1.176045e+01
1.372373e+01 1.772718e+01 1.208514e+01
8.249871e+00 2.001473e+01 1.057115e+01
1.400283e+01 2.068513e+01 1.006098e+01
8.067302e+00 1.349132e+01 1.590436e+01
8.083220e+00 1.275964e+01 1.480189e+01
7.847556e+00 1.435122e+01 1.548858e+01
7.579087e+00 1.414295e+01 1.421411e+01
1.627401e+01 1.434247e+01 1.508713e+01
1.619154e+01 1.379399e+01 1.396573e+01
1.639842e+01 1.544629e+01 1.469018e+01
1.617937e+01 1.532187e+01 1.319594e+01
8.121219e+00 1.557794e+01 1.702229e+01
1.611911e+01 1.646920e+01 1.627845e+01
1.771277e+00 2.316168e+01 1.321157e+01
1.997223e+01 2.500877e+01 1.180997e+01
4.679486e+00 2.892772e+01 1.241711e+01
1.609740e+01 2.981893e+01 1.115349e+01
1.040851e+01 2.628760e+01 8.442204e+00
1.041051e+01 2.630903e+01 8.426698e+00
8.744397e+00 2.764319e+01 7.813523e+00
1.199853e+01 2.785014e+01 7.518300e+00
8.812328e+00 2.855801e+01 7.486865e+00
1.149613e+01 2.888514e+01 7.205995e+00
7.676468e+00 2.835526e+01 7.517802e+00
1.278393e+01 2.902062e+01 7.195669e+00
4.188569e+00 3.001338e+01 8.843985e+00
2.851699e+00 2.787598e+01 7.193778e+00
3.223374e+00 2.810690e+01 8.197975e+00
1.618315e+01 3.027615e+01 7.490371e+00
1.713594e+01 2.914579e+01 5.938294e+00
1.693689e+01 2.930166e+01 6.863229e+00
5.601397e+00 2.728915e+01 8.602959e+00
6.029883e+00 2.850657e+01 5.456328e+00
1.470595e+01 2.823476e+01 7.779987e+00
1.497984e+01 2.928039e+01 4.894024e+00
5.088579e+00 3.160365e+01 5.596737e+00
1.434791e+01 3.255603e+01 4.971695e+00
6.047654e+00 3.016012e+01 6.545851e+00
1.380883e+01 3.096722e+01 5.783315e+00
5.120566e+00 3.048653e+01 5.663573e+00
1.445771e+01 3.130727e+01 4.828530e+00
