[individuals]
1
[dimensions]
3
[landmarks]
58
[rawpoints]
'#1
7.927748e+00 1.621776e+00 1.473544e+01
9.444407e+00 1.583389e+01 1.736299e+01
1.097247e+01 2.636161e+01 1.814112e+01
1.199123e+01 3.274068e+01 1.638085e+01
7.394706e+00 7.531569e+00 1.536436e+01
6.694434e+00 6.682678e+00 1.115150e+01
1.020361e+01 6.886956e+00 1.597011e+01
1.275534e+01 5.811753e+00 1.316868e+01
7.858772e+00 6.202535e+00 1.175618e+01
1.142298e+01 5.630879e+00 1.265355e+01
7.111843e+00 1.231071e+01 1.565204e+01
1.142631e+01 1.202792e+01 1.698910e+01
8.869757e+00 1.170539e+01 1.137595e+01
9.966551e+00 1.697362e+01 1.036188e+01
8.879770e+00 1.543122e+01 1.048353e+01
1.214124e+01 1.128620e+01 1.236437e+01
1.312298e+01 1.651843e+01 1.131442e+01
1.351466e+01 1.511732e+01 1.174892e+01
9.302734e+00 1.957653e+01 9.051181e+00
1.498246e+01 1.880437e+01 1.054115e+01
6.202052e+00 1.194819e+01 1.198311e+01
6.549881e+00 1.161535e+01 1.104204e+01
6.206192e+00 1.346012e+01 1.184300e+01
6.662402e+00 1.334815e+01 1.055253e+01
1.405724e+01 1.052292e+01 1.431345e+01
1.442311e+01 1.034860e+01 1.329404e+01
1.462846e+01 1.217977e+01 1.431752e+01
1.465559e+01 1.176633e+01 1.297103e+01
5.903368e+00 1.384486e+01 1.354808e+01
1.403639e+01 1.266670e+01 1.590913e+01
2.280281e+00 2.408908e+01 1.016145e+01
2.113745e+01 2.107219e+01 1.543391e+01
6.692774e+00 2.899331e+01 1.228981e+01
1.780758e+01 2.770437e+01 1.554440e+01
1.304578e+01 2.547542e+01 9.460205e+00
1.303997e+01 2.547584e+01 9.457659e+00
1.163666e+01 2.702015e+01 8.665025e+00
1.500225e+01 2.642162e+01 9.493399e+00
1.219204e+01 2.812189e+01 8.749671e+00
1.477812e+01 2.765129e+01 9.481750e+00
1.097905e+01 2.871210e+01 8.475401e+00
1.590085e+01 2.799406e+01 9.759392e+00
7.639525e+00 3.070095e+01 8.725388e+00
6.516262e+00 2.943153e+01 6.407078e+00
6.555838e+00 2.915594e+01 7.451883e+00
1.882795e+01 2.920020e+01 1.203671e+01
2.100930e+01 2.744213e+01 1.036416e+01
2.029759e+01 2.726540e+01 1.100598e+01
9.210567e+00 2.762397e+01 8.007430e+00
9.729822e+00 2.958298e+01 5.963855e+00
1.763725e+01 2.651465e+01 1.059950e+01
1.858488e+01 2.848859e+01 8.446828e+00
9.503347e+00 3.276571e+01 6.887648e+00
1.894626e+01 3.166119e+01 9.631576e+00
9.868394e+00 3.112537e+01 7.298510e+00
1.793877e+01 2.982243e+01 9.911954e+00
9.408901e+00 3.144081e+01 6.438431e+00
1.892836e+01 3.014968e+01 9.093781e+00
