[individuals]
1
[dimensions]
3
[landmarks]
58
[rawpoints]
'#1
1.068408e+01 2.113977e+00 1.409593e+01
7.448514e+00 1.496574e+01 1.568781e+01
5.617579e+00 2.496461e+01 1.644636e+01
5.622889e+00 3.013143e+01 1.458913e+01
8.442339e+00 6.902793e+00 1.458460e+01
8.753237e+00 5.998652e+00 1.065782e+01
1.036504e+01 7.580529e+00 1.550597e+01
1.341361e+01 6.629356e+00 1.265305e+01
9.840611e+00 6.111947e+00 1.099909e+01
1.259040e+01 6.567339e+00 1.222388e+01
6.642873e+00 1.188923e+01 1.460868e+01
1.012349e+01 1.252487e+01 1.620288e+01
9.067724e+00 1.090518e+01 1.097620e+01
9.164930e+00 1.268541e+01 1.091766e+01
8.203172e+00 1.339801e+01 1.013867e+01
1.163663e+01 1.123415e+01 1.211872e+01
1.106506e+01 1.340199e+01 1.168237e+01
1.186569e+01 1.400225e+01 1.181873e+01
7.479001e+00 1.771217e+01 8.491796e+00
1.226385e+01 1.868054e+01 1.060597e+01
6.312363e+00 1.043074e+01 1.088357e+01
6.827435e+00 1.032599e+01 1.007407e+01
6.068474e+00 1.177968e+01 1.053042e+01
6.390079e+00 1.161403e+01 9.640409e+00
1.349343e+01 1.212358e+01 1.402439e+01
1.370050e+01 1.192467e+01 1.310312e+01
1.353023e+01 1.316533e+01 1.389559e+01
1.388305e+01 1.338923e+01 1.286669e+01
5.347538e+00 1.190372e+01 1.209389e+01
1.284581e+01 1.330708e+01 1.532059e+01
1.151456e+00 1.890187e+01 8.163585e+00
1.613485e+01 2.147313e+01 1.526689e+01
2.106490e+00 2.409902e+01 1.057941e+01
1.231218e+01 2.599764e+01 1.527998e+01
7.796722e+00 2.246422e+01 8.435069e+00
1.074867e+01 2.299038e+01 9.796041e+00
7.833207e+00 2.388335e+01 8.043135e+00
1.065337e+01 2.429683e+01 9.337413e+00
7.592705e+00 2.548363e+01 7.904302e+00
1.052155e+01 2.602320e+01 9.198271e+00
6.764800e+00 2.518979e+01 7.479947e+00
1.143214e+01 2.596234e+01 9.528275e+00
4.160508e+00 2.407829e+01 6.921192e+00
3.413485e+00 2.405671e+01 5.494710e+00
3.171914e+00 2.383627e+01 6.466408e+00
1.372550e+01 2.593000e+01 1.132285e+01
1.509100e+01 2.605947e+01 1.093015e+01
1.486599e+01 2.592246e+01 1.179035e+01
5.262065e+00 2.359242e+01 7.306206e+00
5.882808e+00 2.514604e+01 5.370632e+00
1.265076e+01 2.484752e+01 1.048438e+01
1.347152e+01 2.651464e+01 8.579563e+00
5.327690e+00 2.803564e+01 5.333722e+00
1.307976e+01 2.969592e+01 8.911707e+00
4.837465e+00 2.689924e+01 6.191814e+00
1.313227e+01 2.838382e+01 9.732003e+00
5.139813e+00 2.652428e+01 5.163760e+00
1.359092e+01 2.777189e+01 8.850739e+00
