[individuals]
1
[dimensions]
3
[landmarks]
58
[rawpoints]
'#1
5.792930e+00 6.093550e-01 9.123868e+00
6.158444e+00 1.386071e+01 1.476795e+01
6.947546e+00 2.501810e+01 1.832129e+01
8.854612e+00 3.035085e+01 1.816109e+01
4.770967e+00 5.766102e+00 1.077260e+01
5.930677e+00 6.583024e+00 6.473543e+00
6.812727e+00 5.171636e+00 1.213821e+01
1.052777e+01 4.915083e+00 9.527798e+00
6.743239e+00 5.679600e+00 7.172871e+00
9.565229e+00 5.066922e+00 8.964197e+00
4.333496e+00 1.209595e+01 1.196509e+01
8.226365e+00 1.061576e+01 1.470570e+01
7.660964e+00 1.127629e+01 8.459880e+00
8.553667e+00 1.577644e+01 8.712754e+00
8.035225e+00 1.511806e+01 8.387302e+00
1.028192e+01 1.076609e+01 1.025672e+01
1.143641e+01 1.490267e+01 1.067698e+01
1.149992e+01 1.330510e+01 1.071042e+01
8.722711e+00 1.900587e+01 7.900010e+00
1.347229e+01 1.759244e+01 1.125302e+01
4.958776e+00 1.141166e+01 8.120093e+00
5.588045e+00 1.125605e+01 7.232471e+00
5.089832e+00 1.344328e+01 8.249290e+00
6.006996e+00 1.374814e+01 7.022447e+00
1.131268e+01 9.534828e+00 1.258011e+01
1.187035e+01 9.394075e+00 1.165691e+01
1.198501e+01 1.115731e+01 1.304426e+01
1.300318e+01 1.179234e+01 1.187218e+01
4.155732e+00 1.288540e+01 9.028868e+00
1.115282e+01 1.093421e+01 1.428774e+01
2.298876e+00 2.322750e+01 6.957789e+00
1.767599e+01 1.833306e+01 1.756066e+01
4.439428e+00 2.757954e+01 1.195858e+01
1.465809e+01 2.474117e+01 1.874622e+01
1.210716e+01 2.455463e+01 1.102984e+01
1.210768e+01 2.457171e+01 1.103299e+01
1.096307e+01 2.631490e+01 9.761821e+00
1.395254e+01 2.536675e+01 1.175898e+01
1.141221e+01 2.705117e+01 1.037906e+01
1.364637e+01 2.646935e+01 1.189435e+01
1.065851e+01 2.732551e+01 9.433539e+00
1.488090e+01 2.624665e+01 1.236165e+01
6.898072e+00 2.954714e+01 8.337529e+00
7.242812e+00 2.887274e+01 6.715228e+00
6.926158e+00 2.853255e+01 7.282638e+00
1.735439e+01 2.668880e+01 1.595471e+01
1.885448e+01 2.526397e+01 1.448776e+01
1.815138e+01 2.492426e+01 1.506214e+01
8.495085e+00 2.703792e+01 8.264244e+00
1.060407e+01 2.928758e+01 7.206725e+00
1.627973e+01 2.473430e+01 1.340179e+01
1.723914e+01 2.732091e+01 1.193280e+01
9.724272e+00 3.215718e+01 8.587258e+00
1.765195e+01 2.979288e+01 1.393876e+01
9.699141e+00 3.003728e+01 8.729864e+00
1.652819e+01 2.781700e+01 1.279811e+01
1.005283e+01 3.067715e+01 7.470284e+00
1.798853e+01 2.819551e+01 1.292539e+01
