[individuals]
1
[dimensions]
3
[landmarks]
58
[rawpoints]
'#1
1.428413e+01 1.139370e+00 1.238164e+01
1.412230e+01 1.647700e+01 1.617776e+01
1.409395e+01 2.660164e+01 1.865236e+01
1.292659e+01 3.177993e+01 1.832254e+01
1.313887e+01 7.254768e+00 1.458897e+01
9.920468e+00 5.404336e+00 1.191219e+01
1.525816e+01 7.560004e+00 1.322258e+01
1.445147e+01 5.900791e+00 9.208079e+00
1.095541e+01 5.216969e+00 1.174459e+01
1.383638e+01 5.662446e+00 9.826923e+00
1.286154e+01 1.241486e+01 1.593137e+01
1.541183e+01 1.266824e+01 1.429898e+01
1.063038e+01 1.222874e+01 1.232348e+01
9.486698e+00 1.727273e+01 1.214544e+01
9.014454e+00 1.623696e+01 1.260578e+01
1.298856e+01 1.240343e+01 1.088545e+01
1.216821e+01 1.750964e+01 1.043591e+01
1.288950e+01 1.593781e+01 1.024988e+01
7.446590e+00 2.006564e+01 1.217263e+01
1.214806e+01 2.076604e+01 9.151012e+00
9.033841e+00 1.210180e+01 1.447518e+01
8.553307e+00 1.198276e+01 1.353368e+01
8.436455e+00 1.353912e+01 1.481085e+01
7.830857e+00 1.359587e+01 1.353891e+01
1.558956e+01 1.301917e+01 1.014896e+01
1.495820e+01 1.313172e+01 9.235947e+00
1.568737e+01 1.478896e+01 1.002932e+01
1.470817e+01 1.474434e+01 8.983387e+00
9.290951e+00 1.372920e+01 1.594409e+01
1.642629e+01 1.480444e+01 1.129323e+01
3.346825e+00 2.162749e+01 1.767102e+01
1.844257e+01 2.383173e+01 7.964512e+00
6.647561e+00 2.695117e+01 1.852731e+01
1.670543e+01 2.909436e+01 1.180608e+01
9.084828e+00 2.661712e+01 1.107658e+01
9.084828e+00 2.661712e+01 1.107658e+01
6.302304e+00 2.731907e+01 1.220689e+01
1.090565e+01 2.780144e+01 9.341305e+00
7.589320e+00 2.845557e+01 1.173866e+01
9.916526e+00 2.874746e+01 1.021750e+01
6.024705e+00 2.796255e+01 1.254091e+01
1.146826e+01 2.868526e+01 9.080139e+00
4.239090e+00 2.965189e+01 1.553561e+01
2.586338e+00 2.807685e+01 1.448964e+01
3.164096e+00 2.783585e+01 1.504781e+01
1.439313e+01 3.113295e+01 8.989895e+00
1.398170e+01 2.973156e+01 7.018843e+00
1.437857e+01 2.945810e+01 7.983499e+00
4.992335e+00 2.720651e+01 1.379550e+01
3.765259e+00 2.932490e+01 1.188524e+01
1.253302e+01 2.800149e+01 8.943249e+00
1.102075e+01 3.049780e+01 7.327785e+00
3.582278e+00 3.177121e+01 1.429236e+01
1.308115e+01 3.317055e+01 8.217416e+00
4.458816e+00 3.059645e+01 1.303185e+01
1.240571e+01 3.235700e+01 8.304649e+00
3.587830e+00 3.081424e+01 1.267447e+01
1.191158e+01 3.199873e+01 7.425774e+00
