[individuals]
1
[dimensions]
3
[landmarks]
58
[rawpoints]
'#1
1.021080e+01 4.087751e+00 1.080315e+01
1.307932e+01 2.177613e+01 1.537324e+01
1.571054e+01 3.641118e+01 1.569852e+01
1.639530e+01 4.309974e+01 1.382588e+01
9.174267e+00 1.004801e+01 1.275297e+01
6.314934e+00 9.887380e+00 6.571860e+00
1.291999e+01 9.251152e+00 1.229863e+01
1.424305e+01 8.395537e+00 5.537483e+00
8.335028e+00 9.335217e+00 6.929745e+00
1.199280e+01 8.660428e+00 6.495485e+00
9.318316e+00 1.842860e+01 1.425015e+01
1.560102e+01 1.718400e+01 1.334984e+01
1.013791e+01 1.869011e+01 7.336053e+00
1.061026e+01 2.354506e+01 6.608303e+00
9.782448e+00 2.100777e+01 6.919089e+00
1.344891e+01 1.869857e+01 7.036867e+00
1.413314e+01 2.205838e+01 6.292629e+00
1.408985e+01 1.968321e+01 6.514042e+00
9.023533e+00 2.696288e+01 5.710647e+00
1.650208e+01 2.610878e+01 4.776186e+00
6.449473e+00 1.729851e+01 9.518572e+00
6.448278e+00 1.699717e+01 7.903907e+00
6.536063e+00 1.888913e+01 9.262383e+00
6.450692e+00 1.870664e+01 7.432779e+00
1.706102e+01 1.565421e+01 8.124342e+00
1.665321e+01 1.559930e+01 6.581838e+00
1.759390e+01 1.812017e+01 8.202493e+00
1.717970e+01 1.768887e+01 6.037338e+00
7.051180e+00 1.944024e+01 1.138114e+01
1.759707e+01 1.789626e+01 1.049857e+01
1.641695e+00 3.263665e+01 1.090857e+01
2.621303e+01 2.880718e+01 8.228312e+00
8.237714e+00 3.910091e+01 1.141365e+01
2.239983e+01 3.715795e+01 9.973749e+00
1.446508e+01 3.534727e+01 5.195499e+00
1.442618e+01 3.539629e+01 5.196252e+00
1.189792e+01 3.677144e+01 5.428664e+00
1.688081e+01 3.617125e+01 4.795772e+00
1.295593e+01 3.826625e+01 5.298316e+00
1.671669e+01 3.785509e+01 4.830275e+00
1.110925e+01 3.905285e+01 5.654154e+00
1.870811e+01 3.790451e+01 4.605777e+00
8.345114e+00 4.147246e+01 7.273834e+00
5.802902e+00 4.014733e+01 4.884139e+00
6.205691e+00 3.965519e+01 6.163022e+00
2.197095e+01 3.975891e+01 5.552321e+00
2.316973e+01 3.750433e+01 2.829041e+00
2.310534e+01 3.705505e+01 4.287471e+00
9.372532e+00 3.833913e+01 5.707473e+00
9.317535e+00 4.086087e+01 3.919943e+00
2.007012e+01 3.681271e+01 4.353819e+00
2.022775e+01 3.902670e+01 2.358023e+00
9.233828e+00 4.379061e+01 4.929081e+00
2.138885e+01 4.177968e+01 3.581220e+00
9.927852e+00 4.178832e+01 5.116141e+00
2.029075e+01 4.032219e+01 3.750018e+00
9.182440e+00 4.252140e+01 4.264912e+00
2.080281e+01 4.076099e+01 2.746312e+00
