[individuals]
1
[dimensions]
3
[landmarks]
58
[rawpoints]
'#1
1.102972e+01 7.234090e-01 1.398769e+01
9.791392e+00 1.754414e+01 1.692004e+01
9.176845e+00 2.838684e+01 1.796336e+01
9.171783e+00 3.409158e+01 1.604728e+01
9.288120e+00 7.070135e+00 1.504371e+01
8.579051e+00 6.068470e+00 1.007794e+01
1.178441e+01 7.593363e+00 1.555374e+01
1.417127e+01 6.503584e+00 1.087043e+01
9.793008e+00 5.989345e+00 1.078237e+01
1.291751e+01 6.305264e+00 1.132804e+01
7.512431e+00 1.517323e+01 1.564358e+01
1.268216e+01 1.487542e+01 1.623307e+01
9.636939e+00 1.220310e+01 1.095257e+01
9.621482e+00 1.749636e+01 1.007843e+01
9.226783e+00 1.601653e+01 1.025062e+01
1.241448e+01 1.233561e+01 1.147764e+01
1.218068e+01 1.776670e+01 1.058786e+01
1.255691e+01 1.632991e+01 1.099883e+01
8.314645e+00 2.071579e+01 8.546276e+00
1.345160e+01 2.099791e+01 9.424470e+00
6.773739e+00 1.240097e+01 1.194583e+01
7.011854e+00 1.244118e+01 1.064498e+01
6.347919e+00 1.431035e+01 1.164595e+01
6.685451e+00 1.386906e+01 1.009410e+01
1.473779e+01 1.274801e+01 1.336290e+01
1.482617e+01 1.284439e+01 1.191635e+01
1.518061e+01 1.500720e+01 1.307809e+01
1.529728e+01 1.499693e+01 1.139028e+01
5.851597e+00 1.463588e+01 1.288420e+01
1.508523e+01 1.519824e+01 1.460777e+01
1.855041e+00 2.212024e+01 1.022922e+01
1.904820e+01 2.307442e+01 1.326766e+01
3.639546e+00 2.842252e+01 1.240864e+01
1.564192e+01 2.908984e+01 1.509442e+01
1.073211e+01 2.705895e+01 8.607443e+00
1.071840e+01 2.705406e+01 8.605840e+00
8.861102e+00 2.785817e+01 7.863250e+00
1.274437e+01 2.798976e+01 8.438197e+00
9.227572e+00 2.951251e+01 7.695855e+00
1.208156e+01 2.967506e+01 8.185259e+00
7.699469e+00 2.835042e+01 7.558418e+00
1.383111e+01 2.908571e+01 8.550305e+00
4.361387e+00 3.045050e+01 8.116850e+00
3.934357e+00 2.881023e+01 6.283064e+00
3.679796e+00 2.856200e+01 7.530252e+00
1.651333e+01 3.103984e+01 1.013813e+01
1.775543e+01 2.962727e+01 8.575977e+00
1.750206e+01 2.924932e+01 9.792327e+00
6.163300e+00 2.791684e+01 7.669120e+00
6.940967e+00 3.035890e+01 5.573547e+00
1.431767e+01 2.840429e+01 8.768286e+00
1.510755e+01 3.021529e+01 6.669877e+00
4.754435e+00 3.295078e+01 6.643138e+00
1.655218e+01 3.359066e+01 8.564733e+00
6.513061e+00 3.148809e+01 6.843215e+00
1.466838e+01 3.178788e+01 8.171567e+00
5.929187e+00 3.196974e+01 5.816004e+00
1.559293e+01 3.225473e+01 7.359255e+00
