[individuals]
1
[dimensions]
3
[landmarks]
58
[rawpoints]
'#1
1.820103e+01 2.419720e+00 1.770520e+01
1.527292e+01 1.700026e+01 1.810180e+01
1.294913e+01 2.800289e+01 1.693322e+01
1.160639e+01 3.383009e+01 1.501291e+01
1.578152e+01 8.656077e+00 1.843648e+01
1.405073e+01 6.125020e+00 1.468784e+01
1.829404e+01 8.575253e+00 1.802686e+01
1.982788e+01 7.333019e+00 1.380420e+01
1.567212e+01 6.131457e+00 1.506509e+01
1.785168e+01 6.415768e+00 1.465128e+01
1.276090e+01 1.475558e+01 1.783510e+01
1.848484e+01 1.603520e+01 1.697222e+01
1.382030e+01 1.231326e+01 1.384822e+01
1.282478e+01 1.716178e+01 1.211700e+01
1.304540e+01 1.440346e+01 1.303881e+01
1.741333e+01 1.262369e+01 1.345522e+01
1.650464e+01 1.730192e+01 1.162781e+01
1.717237e+01 1.543882e+01 1.225975e+01
1.072985e+01 1.919602e+01 1.071704e+01
1.655333e+01 2.051375e+01 9.791151e+00
1.151566e+01 1.194724e+01 1.547486e+01
1.137398e+01 1.146995e+01 1.381500e+01
1.048009e+01 1.420126e+01 1.427642e+01
1.057032e+01 1.364047e+01 1.313332e+01
2.012566e+01 1.406537e+01 1.395923e+01
1.988768e+01 1.383814e+01 1.247495e+01
1.922359e+01 1.647781e+01 1.273386e+01
1.923884e+01 1.618738e+01 1.180931e+01
1.073389e+01 1.439801e+01 1.609333e+01
2.000390e+01 1.634107e+01 1.471865e+01
3.883479e+00 2.129598e+01 1.359915e+01
2.273802e+01 2.497957e+01 1.112525e+01
6.343853e+00 2.763255e+01 1.345433e+01
1.812089e+01 3.003068e+01 1.145608e+01
1.213896e+01 2.693060e+01 8.893858e+00
1.214121e+01 2.690713e+01 8.910351e+00
1.030523e+01 2.728046e+01 8.888658e+00
1.343048e+01 2.800688e+01 8.469135e+00
1.048220e+01 2.848202e+01 8.566686e+00
1.302777e+01 2.901404e+01 8.310460e+00
9.341417e+00 2.795845e+01 8.840522e+00
1.431296e+01 2.882571e+01 8.206633e+00
4.908818e+00 2.886909e+01 9.774064e+00
4.395463e+00 2.735118e+01 8.125637e+00
4.764238e+00 2.756300e+01 9.313398e+00
1.826397e+01 3.168840e+01 8.114422e+00
1.834899e+01 3.031971e+01 6.432967e+00
1.871582e+01 3.049386e+01 7.707464e+00
7.640126e+00 2.710893e+01 9.401085e+00
7.186532e+00 2.825124e+01 6.593703e+00
1.604447e+01 2.893759e+01 8.411040e+00
1.532604e+01 3.026910e+01 5.660325e+00
5.724041e+00 3.189746e+01 7.955771e+00
1.537949e+01 3.417248e+01 6.575812e+00
6.815527e+00 3.057700e+01 7.611969e+00
1.500511e+01 3.214578e+01 6.678994e+00
6.748425e+00 3.074945e+01 6.751638e+00
1.525367e+01 3.234509e+01 5.821890e+00
