[individuals]
1
[dimensions]
3
[landmarks]
58
[rawpoints]
'#1
2.745904e+00 9.980940e-01 1.320697e+01
3.673087e+00 1.824054e+01 1.374388e+01
4.111200e+00 2.893494e+01 1.410333e+01
5.774730e+00 3.519116e+01 1.332561e+01
1.839955e+00 9.804613e+00 1.220507e+01
3.794433e+00 6.240119e+00 8.012286e+00
4.180808e+00 9.562603e+00 1.515278e+01
8.423853e+00 5.871255e+00 1.390263e+01
4.339045e+00 5.555239e+00 9.461130e+00
7.093018e+00 5.330752e+00 1.286819e+01
1.855131e+00 1.651660e+01 1.096842e+01
6.156606e+00 1.597699e+01 1.608189e+01
6.094677e+00 1.289945e+01 9.035654e+00
7.397966e+00 1.702554e+01 8.085518e+00
7.066778e+00 1.641104e+01 7.834681e+00
8.595434e+00 1.254541e+01 1.206987e+01
1.029280e+01 1.694115e+01 1.123069e+01
9.919427e+00 1.542765e+01 1.140690e+01
8.390427e+00 2.097575e+01 5.994591e+00
1.260746e+01 2.029159e+01 1.137332e+01
2.630625e+00 1.275556e+01 8.170996e+00
3.660780e+00 1.221849e+01 6.845398e+00
3.736416e+00 1.543024e+01 6.732562e+00
4.733893e+00 1.507814e+01 5.845417e+00
8.723925e+00 1.255203e+01 1.556965e+01
9.924134e+00 1.137865e+01 1.486377e+01
1.026785e+01 1.459082e+01 1.520739e+01
1.117718e+01 1.403017e+01 1.442005e+01
1.854259e+00 1.569244e+01 8.422056e+00
8.068229e+00 1.523631e+01 1.648103e+01
1.033104e+00 2.489579e+01 3.012260e+00
1.399838e+01 2.382056e+01 1.933023e+01
4.112430e+00 2.999780e+01 6.983490e+00
8.422968e+00 2.628141e+01 1.536386e+01
1.086952e+01 2.725891e+01 8.395391e+00
1.120427e+01 2.725891e+01 8.730140e+00
1.023437e+01 2.837636e+01 6.604778e+00
1.300814e+01 2.833154e+01 9.892096e+00
1.081038e+01 3.039423e+01 6.918191e+00
1.287350e+01 3.023934e+01 9.435488e+00
9.769128e+00 2.943604e+01 5.913297e+00
1.352182e+01 2.952182e+01 1.044634e+01
6.681093e+00 3.256401e+01 3.895365e+00
7.539755e+00 3.142206e+01 1.359892e+00
6.372166e+00 3.070786e+01 2.582070e+00
1.477846e+01 3.280843e+01 1.380386e+01
1.775071e+01 3.049778e+01 1.367424e+01
1.638813e+01 2.982823e+01 1.480082e+01
8.286676e+00 2.959056e+01 4.480242e+00
1.047335e+01 3.086078e+01 3.511417e+00
1.422818e+01 2.898187e+01 1.142692e+01
1.668195e+01 2.996041e+01 1.114508e+01
1.006348e+01 3.328878e+01 2.708448e+00
1.678645e+01 3.282504e+01 1.076666e+01
9.724133e+00 3.287199e+01 4.399339e+00
1.528788e+01 3.269038e+01 1.108681e+01
9.463909e+00 3.332297e+01 3.257916e+00
1.626642e+01 3.283158e+01 1.135847e+01
