[individuals]
1
[dimensions]
3
[landmarks]
58
[rawpoints]
'#1
2.242826e+00 -1.609533e+00 1.264740e+01
1.399771e+00 6.088840e-01 3.935164e+00
7.481800e-01 2.987525e+00 -8.990153e+00
1.533720e-01 1.738544e+00 -1.322790e+01
5.121230e-01 -5.237970e-01 8.738891e+00
-4.736370e-01 -4.319039e+00 1.071614e+01
3.204117e+00 -5.903510e-01 8.580114e+00
4.248644e+00 -4.418615e+00 1.039977e+01
9.642700e-01 -4.334876e+00 1.157594e+01
2.906622e+00 -4.397658e+00 1.157910e+01
-3.798310e-01 2.334200e-01 5.241777e+00
3.494953e+00 2.500890e-01 4.630854e+00
-2.228460e-01 -4.153106e+00 6.049413e+00
-1.394160e-01 -4.290143e+00 1.572599e+00
-1.251346e+00 -4.453485e+00 2.928689e+00
2.871648e+00 -4.089548e+00 5.660873e+00
2.143598e+00 -4.481865e+00 1.126671e+00
3.429199e+00 -4.644621e+00 2.552500e+00
-1.985935e+00 -5.099600e+00 -9.179900e-02
3.342097e+00 -5.365220e+00 -7.399200e-01
-2.677685e+00 -3.491044e+00 5.468082e+00
-2.526547e+00 -4.476520e+00 5.488244e+00
-3.050925e+00 -3.991917e+00 3.213240e+00
-3.073743e+00 -4.693887e+00 2.912921e+00
5.376044e+00 -3.785116e+00 4.757345e+00
4.999466e+00 -4.677497e+00 4.827461e+00
5.123185e+00 -4.299837e+00 2.121544e+00
4.963546e+00 -5.092710e+00 1.390700e+00
-3.415378e+00 -2.514189e+00 4.510402e+00
6.103442e+00 -2.685070e+00 3.764173e+00
-7.378801e+00 -2.256750e+00 -7.832440e-01
8.896795e+00 -3.086531e+00 -2.538971e+00
-5.791651e+00 -5.268700e-02 -7.403659e+00
6.000078e+00 2.281320e-01 -7.835506e+00
1.538790e-01 -4.768071e+00 -6.082341e+00
1.803010e-01 -4.765029e+00 -6.095881e+00
-1.517795e+00 -5.152265e+00 -6.036907e+00
1.913185e+00 -5.237275e+00 -6.581260e+00
-1.152134e+00 -4.985726e+00 -7.140679e+00
1.277123e+00 -5.083498e+00 -7.780975e+00
-2.893636e+00 -5.358439e+00 -6.440556e+00
2.886117e+00 -5.609882e+00 -6.901698e+00
-6.006083e+00 -4.169233e+00 -7.362247e+00
-6.348386e+00 -4.994631e+00 -6.774893e+00
-6.659667e+00 -4.072086e+00 -6.509593e+00
5.644621e+00 -4.899354e+00 -8.272829e+00
6.512525e+00 -5.792552e+00 -7.938967e+00
6.644771e+00 -4.834655e+00 -7.808018e+00
-4.265194e+00 -4.754536e+00 -6.102138e+00
-3.714726e+00 -6.368791e+00 -8.622322e+00
3.889011e+00 -5.147288e+00 -6.887826e+00
3.192676e+00 -6.785571e+00 -9.176910e+00
-5.093809e+00 -5.640654e+00 -9.580544e+00
4.576628e+00 -6.110251e+00 -1.045695e+01
-4.090464e+00 -5.361186e+00 -8.902761e+00
3.926958e+00 -5.517210e+00 -9.685575e+00
-4.987730e+00 -5.857420e+00 -9.487165e+00
4.457557e+00 -6.261063e+00 -1.035087e+01
