[individuals]
1
[dimensions]
3
[landmarks]
58
[rawpoints]
'#1
4.022319e+00 -5.302273e+00 2.664614e+01
2.565165e+00 2.622484e+00 6.761456e+00
1.891924e+00 7.485971e+00 -1.200667e+01
1.100754e+00 6.548256e+00 -2.153038e+01
-1.263740e-01 -2.046164e+00 1.735482e+01
-1.067384e+00 -1.004744e+01 1.947410e+01
7.005623e+00 -2.125425e+00 1.663260e+01
7.876493e+00 -1.093630e+01 1.894568e+01
1.661780e+00 -9.821312e+00 2.321592e+01
5.924963e+00 -1.021310e+01 2.382647e+01
-2.414902e+00 1.013050e+00 1.021780e+01
8.183063e+00 9.392570e-01 9.786961e+00
1.505610e-01 -8.883623e+00 1.790212e+00
1.629900e-01 -8.699514e+00 3.916320e-01
-8.413420e-01 -9.309969e+00 6.526460e-01
4.807899e+00 -8.781414e+00 8.011460e-01
4.788870e+00 -8.495556e+00 -3.171440e-01
5.555853e+00 -9.149402e+00 6.211160e-01
-1.413703e+00 -9.341450e+00 -7.381973e+00
5.602381e+00 -9.460200e+00 -7.538210e+00
-5.200573e+00 -7.916318e+00 6.916526e+00
-5.046469e+00 -8.589682e+00 7.037352e+00
-5.575267e+00 -7.309822e+00 3.810331e+00
-5.626358e+00 -8.075100e+00 3.161748e+00
1.077534e+01 -8.013968e+00 6.222587e+00
1.017652e+01 -8.739095e+00 6.044488e+00
1.060284e+01 -7.656123e+00 3.118734e+00
1.046049e+01 -8.413092e+00 2.801567e+00
-8.487762e+00 -2.878153e+00 5.482146e+00
1.410410e+01 -3.025318e+00 4.260201e+00
-1.103671e+01 -7.211078e+00 2.337692e+00
1.588440e+01 -7.313608e+00 1.163834e+00
-8.110449e+00 2.345947e+00 -1.191594e+01
1.213306e+01 2.347201e+00 -1.274259e+01
2.494349e+00 -7.315093e+00 -1.512035e+01
2.490848e+00 -7.312861e+00 -1.518239e+01
-2.826544e+00 -8.542206e+00 -1.469295e+01
6.988218e+00 -8.580459e+00 -1.446968e+01
-8.576110e-01 -8.035426e+00 -1.663965e+01
4.426049e+00 -7.957193e+00 -1.689986e+01
-3.166116e+00 -7.604481e+00 -1.701689e+01
6.553315e+00 -7.392363e+00 -1.740505e+01
-9.206593e+00 -4.177348e+00 -1.819685e+01
-1.065137e+01 -5.704455e+00 -1.776148e+01
-1.075736e+01 -5.343696e+00 -1.702669e+01
1.255429e+01 -4.560461e+00 -1.941571e+01
1.400775e+01 -5.624997e+00 -1.926350e+01
1.409731e+01 -5.245954e+00 -1.823222e+01
-6.244860e+00 -7.742342e+00 -1.356282e+01
-4.743783e+00 -9.381156e+00 -2.131174e+01
9.566570e+00 -8.223816e+00 -1.407612e+01
8.413345e+00 -9.450807e+00 -2.248550e+01
-7.023024e+00 -6.202810e+00 -1.957460e+01
1.018364e+01 -6.199619e+00 -2.037969e+01
-5.176609e+00 -6.735268e+00 -1.921909e+01
8.259083e+00 -7.563107e+00 -2.027706e+01
-4.579242e+00 -8.206347e+00 -2.017901e+01
9.765026e+00 -9.221273e+00 -2.269884e+01
