[individuals]
1
[dimensions]
3
[landmarks]
58
[rawpoints]
'#1
-1.579370e-01 -4.836360e+00 2.630899e+01
1.624400e-02 1.802114e+00 5.465296e+00
-3.692020e-01 7.996265e+00 -1.280055e+01
2.209470e-01 7.112364e+00 -2.338871e+01
-2.953904e+00 -3.342631e+00 1.740794e+01
-3.398388e+00 -1.096838e+01 1.960157e+01
2.579221e+00 -2.634521e+00 1.832750e+01
5.122997e+00 -1.002665e+01 1.980648e+01
-9.734560e-01 -1.019094e+01 2.427158e+01
1.994495e+00 -9.818030e+00 2.431802e+01
-6.833084e+00 -1.818500e-01 5.813622e+00
5.098187e+00 1.607117e+00 8.064611e+00
-5.399380e-01 -9.215584e+00 1.076646e+00
-6.703250e-01 -9.179116e+00 -1.641056e+00
-1.409943e+00 -9.660674e+00 -1.601986e+00
3.820306e+00 -8.589452e+00 9.257650e-01
3.578176e+00 -8.358338e+00 -7.114670e-01
4.160060e+00 -8.569798e+00 -7.429300e-01
-1.892529e+00 -9.994150e+00 -9.778924e+00
5.590610e+00 -8.599449e+00 -9.739452e+00
-5.836230e+00 -9.644842e+00 6.432564e+00
-6.385340e+00 -9.924412e+00 6.015322e+00
-6.601656e+00 -8.892447e+00 1.538143e+00
-6.321191e+00 -9.672604e+00 1.052452e+00
8.768667e+00 -7.141196e+00 8.555751e+00
8.463002e+00 -7.853242e+00 8.655485e+00
9.228440e+00 -6.754648e+00 1.963677e+00
8.933333e+00 -7.682460e+00 1.949203e+00
-9.873384e+00 -5.511814e+00 3.033322e+00
1.137398e+01 -3.429493e+00 3.835208e+00
-1.208513e+01 -9.240063e+00 -5.625250e-01
1.469490e+01 -5.843882e+00 3.426530e-01
-9.542601e+00 -1.300700e-01 -1.570281e+01
1.006565e+01 4.548143e+00 -1.329965e+01
2.359246e+00 -6.979551e+00 -1.586728e+01
2.535975e+00 -7.055286e+00 -1.604277e+01
-1.382930e+00 -8.243030e+00 -1.600169e+01
5.920967e+00 -7.271003e+00 -1.593623e+01
3.023860e-01 -7.356536e+00 -1.845620e+01
4.516952e+00 -7.034995e+00 -1.828021e+01
-1.784866e+00 -7.578394e+00 -1.845441e+01
6.585736e+00 -6.797629e+00 -1.769258e+01
-8.747047e+00 -6.102604e+00 -2.076299e+01
-1.035396e+01 -7.143462e+00 -2.069793e+01
-1.025874e+01 -6.763583e+00 -2.000758e+01
1.265077e+01 -3.174569e+00 -1.989661e+01
1.415867e+01 -3.917065e+00 -1.969977e+01
1.391348e+01 -3.433251e+00 -1.878197e+01
-4.980035e+00 -8.243546e+00 -1.591786e+01
-5.642191e+00 -9.804609e+00 -2.372683e+01
8.849912e+00 -7.394576e+00 -1.547832e+01
1.116530e+01 -7.873071e+00 -2.281977e+01
-6.594498e+00 -6.022275e+00 -2.369505e+01
1.086818e+01 -3.779781e+00 -2.302172e+01
-4.728992e+00 -7.385053e+00 -2.212593e+01
9.180420e+00 -5.617061e+00 -2.171960e+01
-4.724929e+00 -9.855291e+00 -2.435909e+01
1.032504e+01 -7.816955e+00 -2.357752e+01
