[individuals]
1
[dimensions]
3
[landmarks]
58
[rawpoints]
'#1
4.108370e+00 -1.770991e+00 1.127164e+01
2.388014e+00 4.228084e+00 2.927402e+00
1.585518e+00 5.564128e+00 -1.166668e+00
4.791330e-01 6.630713e+00 -8.316513e+00
4.307990e-01 9.327300e-01 7.080694e+00
1.815281e+00 -3.225918e+00 7.704100e+00
6.199373e+00 1.236297e+00 6.488683e+00
5.402899e+00 -2.996470e+00 7.317713e+00
2.916233e+00 -3.502684e+00 7.842442e+00
4.465834e+00 -3.263309e+00 7.617310e+00
1.217737e+00 3.384580e+00 4.482428e+00
4.860387e+00 2.899045e+00 5.914754e+00
1.873685e+00 -2.051311e+00 1.668864e+00
1.579378e+00 -2.796020e+00 -6.274430e-01
1.266204e+00 -2.205765e+00 1.419097e+00
3.633833e+00 -1.707350e+00 1.541401e+00
4.012272e+00 -2.384541e+00 -6.618750e-01
4.431174e+00 -1.754336e+00 1.018870e+00
9.377260e-01 -2.741006e+00 -4.981670e-01
4.514179e+00 -2.441244e+00 -1.060280e+00
-1.489611e+00 -1.243854e+00 4.229637e+00
-9.755020e-01 -1.992263e+00 3.950289e+00
-1.803187e+00 -1.378772e+00 2.635035e+00
-1.384732e+00 -1.975378e+00 2.535964e+00
7.459876e+00 -3.225660e-01 3.477339e+00
7.218429e+00 -1.236050e+00 3.483082e+00
7.359865e+00 -3.681780e-01 1.259916e+00
7.249013e+00 -9.941450e-01 1.004787e+00
-2.167676e+00 -5.048410e-01 3.652239e+00
7.672769e+00 -5.481300e-02 1.168334e+00
-5.133775e+00 -7.184600e-02 -1.970165e+00
8.517275e+00 1.555885e+00 -3.238912e+00
-3.464382e+00 4.190118e+00 -3.200735e+00
5.951235e+00 5.301884e+00 -4.945421e+00
1.991064e+00 -2.230246e+00 -3.961962e+00
1.856208e+00 -2.221701e+00 -3.967088e+00
8.952020e-01 -2.314423e+00 -3.356103e+00
3.115194e+00 -1.988626e+00 -3.521217e+00
9.281590e-01 -2.665733e+00 -5.249841e+00
2.855238e+00 -2.383242e+00 -5.538386e+00
1.439230e-01 -2.471896e+00 -3.479943e+00
3.941916e+00 -1.889211e+00 -3.998619e+00
-4.211236e+00 -1.930557e+00 -5.253058e+00
-4.596193e+00 -2.258148e+00 -5.073277e+00
-4.567130e+00 -1.651156e+00 -4.398080e+00
7.430054e+00 -8.761660e-01 -7.323082e+00
7.758059e+00 -9.445400e-01 -7.148995e+00
7.879531e+00 -5.178590e-01 -6.111484e+00
-1.185303e+00 -1.214116e+00 -3.396910e+00
-2.946579e+00 -4.400745e+00 -6.618912e+00
5.117220e+00 -9.457800e-01 -4.353917e+00
5.918159e+00 -3.792542e+00 -8.217162e+00
-1.854335e+00 -2.906912e+00 -7.030346e+00
5.008348e+00 -2.251973e+00 -7.938499e+00
-1.471645e+00 -2.934369e+00 -5.921519e+00
4.938179e+00 -2.425394e+00 -6.903121e+00
-1.218701e+00 -4.511249e+00 -6.518331e+00
5.191430e+00 -3.166072e+00 -7.883717e+00
