[individuals]
1
[dimensions]
3
[landmarks]
58
[rawpoints]
'#1
3.546016e+00 -2.356702e+00 9.819448e+00
2.727974e+00 2.529470e+00 3.438064e+00
2.373331e+00 3.898520e+00 1.259450e-01
1.842303e+00 5.677836e+00 -5.252890e+00
1.345721e+00 -1.001253e+00 6.998733e+00
1.138870e+00 -3.507172e+00 5.793907e+00
5.008379e+00 -7.567890e-01 6.837217e+00
5.418095e+00 -3.260236e+00 5.479126e+00
2.517010e+00 -3.852973e+00 6.609293e+00
4.162596e+00 -4.110910e+00 6.761697e+00
4.428740e-01 1.199638e+00 4.722188e+00
5.471822e+00 1.418024e+00 4.430983e+00
1.737703e+00 -2.311880e+00 1.288809e+00
1.189071e+00 -2.707195e+00 -7.431680e-01
1.240305e+00 -2.609259e+00 3.923700e-01
3.835702e+00 -2.159432e+00 1.198919e+00
4.126384e+00 -2.528305e+00 -6.351240e-01
4.109899e+00 -2.277775e+00 1.870990e-01
1.109499e+00 -2.711257e+00 -1.215024e+00
4.245114e+00 -2.398921e+00 -1.430592e+00
-1.031067e+00 -1.571581e+00 3.082415e+00
-9.276270e-01 -2.346106e+00 3.129571e+00
-1.328527e+00 -1.733267e+00 1.586730e+00
-1.110523e+00 -2.269903e+00 1.546059e+00
7.053072e+00 -1.068844e+00 2.402050e+00
6.895154e+00 -1.950711e+00 2.425550e+00
7.148634e+00 -1.123820e+00 1.052403e+00
7.007290e+00 -1.808132e+00 8.702710e-01
-1.679307e+00 -7.623990e-01 2.406567e+00
7.479257e+00 -2.267030e-01 1.955881e+00
-3.300939e+00 -5.172920e-01 -1.590855e+00
8.349943e+00 -2.358450e-01 -2.797776e+00
-1.922838e+00 3.822875e+00 -3.721369e+00
5.971322e+00 4.368338e+00 -4.294497e+00
1.466390e+00 -2.063768e+00 -3.882038e+00
3.309166e+00 -2.449563e+00 -3.919120e+00
1.137256e+00 -2.328216e+00 -4.050525e+00
3.727633e+00 -2.455976e+00 -4.161122e+00
1.100868e+00 -2.870652e+00 -5.875313e+00
3.427932e+00 -2.935983e+00 -6.052483e+00
7.124820e-01 -2.606713e+00 -4.019727e+00
4.019557e+00 -2.262615e+00 -4.369047e+00
-3.439107e+00 -1.692168e+00 -6.042707e+00
-3.951826e+00 -2.122043e+00 -5.907765e+00
-3.835398e+00 -1.461506e+00 -5.560685e+00
7.482677e+00 -1.474640e+00 -7.412291e+00
8.097073e+00 -1.728148e+00 -7.129571e+00
8.084818e+00 -1.021660e+00 -6.808705e+00
-1.389181e+00 -1.993584e+00 -4.087409e+00
-1.159007e+00 -4.847546e+00 -7.227971e+00
5.254979e+00 -1.418576e+00 -4.581062e+00
5.298836e+00 -4.493420e+00 -7.832886e+00
-1.378886e+00 -3.184242e+00 -7.544925e+00
5.526793e+00 -2.966057e+00 -8.225998e+00
-1.156519e+00 -3.008025e+00 -6.608213e+00
5.182244e+00 -3.000996e+00 -7.017630e+00
-6.717950e-01 -4.617690e+00 -7.229857e+00
4.709080e+00 -4.264503e+00 -7.437588e+00
