[individuals]
1
[dimensions]
3
[landmarks]
58
[rawpoints]
'#1
3.239378e+01 2.259158e+01 6.799473e+01
1.802041e+01 8.495773e+01 7.777235e+01
2.077982e+01 1.420479e+02 7.280936e+01
2.813177e+01 1.645591e+02 6.244962e+01
1.709545e+01 5.106746e+01 6.695555e+01
4.428258e+01 3.414663e+01 4.264075e+01
3.141912e+01 5.084504e+01 8.137841e+01
5.445345e+01 3.235155e+01 5.199952e+01
4.686681e+01 3.401449e+01 4.368687e+01
5.378453e+01 3.504337e+01 4.989472e+01
1.173659e+01 8.296889e+01 6.738879e+01
2.915594e+01 8.466266e+01 8.335915e+01
4.196128e+01 8.634469e+01 4.100916e+01
4.923957e+01 1.065853e+02 3.157922e+01
4.470018e+01 1.027629e+02 3.241043e+01
5.176236e+01 8.740121e+01 4.981905e+01
5.916751e+01 1.052290e+02 4.222645e+01
6.109242e+01 1.027184e+02 4.664565e+01
4.761269e+01 1.090749e+02 2.429421e+01
6.757619e+01 1.101359e+02 4.147047e+01
2.503577e+01 6.785488e+01 4.555306e+01
2.812445e+01 6.806516e+01 4.337947e+01
2.681976e+01 8.806126e+01 4.098751e+01
2.881560e+01 8.688560e+01 3.734895e+01
5.124672e+01 7.077265e+01 6.974548e+01
5.301620e+01 7.068948e+01 6.675084e+01
5.399050e+01 8.990826e+01 6.518852e+01
5.721094e+01 9.116734e+01 6.099775e+01
1.030370e+01 8.812987e+01 5.502289e+01
4.240788e+01 9.082286e+01 8.330113e+01
1.013843e+01 1.111227e+02 2.994223e+01
6.672633e+01 1.136887e+02 7.884802e+01
1.813680e+01 1.320728e+02 4.434656e+01
4.866090e+01 1.343209e+02 7.315311e+01
4.489817e+01 1.337750e+02 4.400865e+01
4.590618e+01 1.348700e+02 4.453783e+01
4.263166e+01 1.363900e+02 3.988474e+01
5.218097e+01 1.384017e+02 4.656168e+01
4.278541e+01 1.407264e+02 4.030122e+01
5.069723e+01 1.409852e+02 4.702015e+01
3.545573e+01 1.405702e+02 3.369854e+01
5.634301e+01 1.401422e+02 5.226373e+01
2.449873e+01 1.468268e+02 3.130940e+01
2.049573e+01 1.469805e+02 2.747624e+01
2.014409e+01 1.450740e+02 2.992699e+01
6.133896e+01 1.491182e+02 6.353050e+01
6.516592e+01 1.487697e+02 6.697332e+01
6.300666e+01 1.464569e+02 6.727641e+01
2.854264e+01 1.361437e+02 3.399964e+01
4.373651e+01 1.472144e+02 1.403275e+01
5.934134e+01 1.375794e+02 5.754472e+01
7.668960e+01 1.487692e+02 4.019475e+01
3.086423e+01 1.536266e+02 3.219465e+01
5.957568e+01 1.523489e+02 5.638632e+01
3.245294e+01 1.500299e+02 3.395078e+01
5.723386e+01 1.507199e+02 5.525359e+01
3.100450e+01 1.524507e+02 3.349427e+01
5.796162e+01 1.531756e+02 5.636816e+01
