[individuals]
1
[dimensions]
3
[landmarks]
58
[rawpoints]
'#1
2.366528e+00 -6.300321e+01 -1.916383e+01
1.209053e+00 -2.799969e+01 -1.361084e+01
7.479200e-01 -1.800761e+00 -1.050106e+01
2.785980e-01 1.286190e+01 -1.262755e+01
-8.958910e-01 -3.935680e+01 -1.609251e+01
-3.155176e+00 -4.837025e+01 -2.377197e+01
4.058865e+00 -3.968766e+01 -1.605302e+01
7.259434e+00 -4.777042e+01 -2.373194e+01
-9.758120e-01 -5.311187e+01 -2.405998e+01
5.491029e+00 -5.279426e+01 -2.395311e+01
-1.498050e+00 -2.884375e+01 -1.412656e+01
4.252135e+00 -2.858243e+01 -1.406998e+01
-7.086520e-01 -3.277290e+01 -2.378530e+01
-1.250477e+00 -2.412690e+01 -2.551779e+01
-3.256753e+00 -2.465226e+01 -2.589539e+01
3.724502e+00 -3.263316e+01 -2.359661e+01
4.015939e+00 -2.402699e+01 -2.555637e+01
5.624625e+00 -2.446305e+01 -2.575380e+01
-4.123182e+00 -1.571359e+01 -2.815038e+01
6.148666e+00 -1.515102e+01 -2.802185e+01
-7.405482e+00 -2.925336e+01 -2.384346e+01
-7.168534e+00 -3.005031e+01 -2.588517e+01
-8.971989e+00 -1.913332e+01 -2.414280e+01
-8.375382e+00 -1.852926e+01 -2.633212e+01
9.858289e+00 -2.964436e+01 -2.360187e+01
9.954922e+00 -3.033080e+01 -2.493936e+01
1.086508e+01 -1.806834e+01 -2.387946e+01
1.042782e+01 -1.805484e+01 -2.629779e+01
-9.922011e+00 -1.935391e+01 -2.019276e+01
1.195827e+01 -1.873442e+01 -1.998595e+01
-1.497787e+01 -6.952048e+00 -2.404195e+01
1.657414e+01 -6.768856e+00 -2.374770e+01
-7.977831e+00 7.939040e-01 -1.549993e+01
8.882820e+00 7.216400e-01 -1.521519e+01
6.288650e-01 -1.935671e+00 -2.763556e+01
1.052409e+00 -1.936849e+00 -2.764528e+01
-9.644040e-01 -1.684797e+00 -2.705162e+01
2.616235e+00 -1.607815e+00 -2.682207e+01
-1.522096e+00 -5.349000e-03 -2.791357e+01
2.951970e+00 4.823800e-02 -2.811379e+01
-4.548881e+00 9.101410e-01 -2.714668e+01
5.854248e+00 7.715150e-01 -2.703823e+01
-1.092884e+01 5.535177e+00 -2.504884e+01
-1.230126e+01 3.220358e+00 -2.833339e+01
-1.213520e+01 2.039952e+00 -2.599010e+01
1.205568e+01 5.217601e+00 -2.501759e+01
1.364140e+01 3.727499e+00 -2.793055e+01
1.326657e+01 3.000738e+00 -2.614380e+01
-6.779614e+00 -2.177520e-01 -2.631228e+01
-6.574646e+00 5.020562e+00 -3.163834e+01
8.139233e+00 -2.693680e-01 -2.634167e+01
7.857563e+00 5.282584e+00 -3.130613e+01
-8.370581e+00 6.823793e+00 -2.991507e+01
9.665065e+00 7.018113e+00 -2.946908e+01
-6.564526e+00 4.858896e+00 -2.862445e+01
8.004159e+00 5.365698e+00 -2.842484e+01
-7.183039e+00 6.306856e+00 -3.093932e+01
8.151485e+00 6.294668e+00 -3.081309e+01
