[individuals]
1
[dimensions]
3
[landmarks]
58
[rawpoints]
'#1
3.673462e+00 -4.051661e+01 -1.220391e+01
5.537816e+00 -2.542030e+01 -3.384069e+00
5.869611e+00 -4.566229e+00 4.003839e+00
4.455418e+00 9.294076e+00 1.717484e+00
1.625021e+00 -3.190626e+01 -6.080215e+00
-3.606865e+00 -2.977179e+01 -1.646655e+01
7.937971e+00 -3.249982e+01 -8.063974e+00
7.449389e+00 -2.890924e+01 -1.964240e+01
-2.314290e-01 -3.142773e+01 -1.719777e+01
4.340247e+00 -3.173388e+01 -1.871814e+01
-2.125710e-01 -2.607844e+01 -3.340752e+00
1.071821e+01 -2.561510e+01 -6.480603e+00
-2.591810e-01 -1.859459e+01 -1.174820e+01
-2.770660e-01 -1.588746e+01 -1.159722e+01
-1.126618e+00 -1.618788e+01 -1.175094e+01
5.553324e+00 -1.834045e+01 -1.328089e+01
5.540621e+00 -1.589216e+01 -1.323491e+01
5.939020e+00 -1.581402e+01 -1.352517e+01
-2.309276e+00 -1.112114e+01 -1.143897e+01
6.384793e+00 -1.030639e+01 -1.383390e+01
-4.987280e+00 -2.307410e+01 -1.140278e+01
-5.659683e+00 -2.272702e+01 -1.318997e+01
-5.310410e+00 -2.182635e+01 -1.110701e+01
-5.631155e+00 -2.081565e+01 -1.245599e+01
1.089035e+01 -2.248290e+01 -1.583299e+01
9.685972e+00 -2.242857e+01 -1.714393e+01
1.094006e+01 -2.073121e+01 -1.539109e+01
1.047330e+01 -1.994134e+01 -1.644664e+01
-4.473745e+00 -2.380633e+01 -5.436410e+00
1.263752e+01 -2.330224e+01 -1.088808e+01
-1.308259e+01 -1.383990e+01 -3.759620e+00
1.989576e+01 -1.221068e+01 -1.185655e+01
-3.123905e+00 -7.636948e+00 1.154722e+00
1.309787e+01 -6.392474e+00 -3.450946e+00
-1.658402e+00 -1.564500e-02 -1.065290e+01
5.162359e+00 9.163950e-01 -1.209170e+01
-3.100932e+00 8.786900e-02 -1.091972e+01
6.227995e+00 1.096395e+00 -1.262134e+01
-1.463552e+00 2.382397e+00 -1.044610e+01
4.577541e+00 3.338790e+00 -1.178106e+01
-4.423370e+00 1.443198e+00 -1.005816e+01
7.288751e+00 2.808765e+00 -1.270465e+01
-1.070966e+01 3.057997e+00 -6.249930e+00
-1.297002e+01 2.309652e+00 -8.544103e+00
-1.217115e+01 2.339678e+00 -6.102054e+00
1.409883e+01 5.361156e+00 -1.295905e+01
1.355617e+01 5.064219e+00 -1.584706e+01
1.509588e+01 4.462032e+00 -1.320526e+01
-6.815292e+00 -6.952880e-01 -9.171134e+00
-7.679687e+00 7.067990e+00 -1.426082e+01
9.841742e+00 3.380140e-01 -1.296041e+01
8.453255e+00 8.392327e+00 -1.769120e+01
-8.631405e+00 6.078759e+00 -8.586799e+00
1.079635e+01 7.867599e+00 -1.359944e+01
-7.156888e+00 5.186232e+00 -9.725355e+00
9.036368e+00 6.099574e+00 -1.368148e+01
-7.971818e+00 6.986429e+00 -9.242624e+00
9.877434e+00 8.629775e+00 -1.377017e+01
