[individuals]
1
[dimensions]
3
[landmarks]
58
[rawpoints]
'#1
3.935510e-01 -2.960141e+01 -7.226290e-01
6.301080e-01 -1.825949e+01 5.391655e+00
1.089519e+00 -9.685525e+00 8.509041e+00
5.462510e-01 1.455922e+01 1.353757e+01
-3.684362e+00 -2.353800e+01 2.754700e+00
-5.467954e+00 -2.495004e+01 -9.245093e+00
4.840389e+00 -2.270787e+01 2.102256e+00
3.611776e+00 -2.470672e+01 -1.042515e+01
-5.221055e+00 -2.321330e+01 -8.131252e+00
2.541947e+00 -2.330079e+01 -8.873919e+00
-4.968118e+00 -1.816146e+01 5.651430e+00
5.923505e+00 -1.819726e+01 4.369296e+00
-4.320378e+00 -1.132889e+01 -4.337063e+00
-2.519040e+00 -1.747015e+00 -2.861570e+00
-4.906675e+00 -4.976124e+00 -3.175385e+00
3.798785e+00 -1.103063e+01 -5.584112e+00
2.618163e+00 -2.661636e+00 -3.257416e+00
3.720779e+00 -3.439187e+00 -3.655251e+00
-5.400002e+00 -1.238772e+00 -2.695677e+00
4.589299e+00 -6.639430e-01 -3.719183e+00
-7.667649e+00 -1.882267e+01 -2.508115e+00
-7.654684e+00 -1.865156e+01 -4.081931e+00
-7.712195e+00 -1.271742e+01 -2.168544e+00
-8.360902e+00 -1.253941e+01 -3.338231e+00
7.271346e+00 -1.842763e+01 -4.373139e+00
6.971267e+00 -1.870844e+01 -5.581293e+00
7.250967e+00 -1.235950e+01 -3.876378e+00
7.346638e+00 -1.205451e+01 -5.095799e+00
-7.039257e+00 -1.784009e+01 3.273143e+00
7.702477e+00 -1.793200e+01 8.631230e-01
-1.695013e+01 -4.719298e+00 5.948966e+00
1.783597e+01 -4.761717e+00 2.358656e+00
-8.474350e+00 3.305737e+00 9.078408e+00
9.411215e+00 3.462608e+00 9.233456e+00
-1.814821e+00 7.928365e+00 -5.350350e-01
1.023521e+00 8.075721e+00 -6.986840e-01
-3.077006e+00 9.348644e+00 2.467840e-01
2.112855e+00 8.316229e+00 -5.706520e-01
-2.057241e+00 1.103141e+01 3.171500e-01
1.067011e+00 1.045337e+01 2.389700e-02
-5.322997e+00 1.121417e+01 1.507910e+00
4.813554e+00 1.094872e+01 4.839800e-01
-1.208036e+01 1.282393e+01 5.943483e+00
-1.502931e+01 6.938911e+00 3.981327e+00
-1.336565e+01 1.055786e+01 5.127366e+00
1.195255e+01 1.315888e+01 3.542123e+00
1.455824e+01 7.324548e+00 1.161625e+00
1.350095e+01 1.089988e+01 2.788176e+00
-9.092105e+00 9.472917e+00 2.505743e+00
-8.267017e+00 1.984299e+01 -4.536819e+00
8.796630e+00 9.370131e+00 1.186348e+00
6.032345e+00 2.017394e+01 -5.606407e+00
-7.966233e+00 1.487148e+01 4.066355e+00
7.857096e+00 1.528845e+01 2.907545e+00
-7.704704e+00 1.394587e+01 2.327087e+00
7.189367e+00 1.421431e+01 6.313320e-01
-8.527822e+00 1.525704e+01 5.314609e+00
7.049082e+00 1.415649e+01 2.037812e+00
