[individuals]
1
[dimensions]
3
[landmarks]
58
[rawpoints]
'#1
1.098990e+01 5.929387e+00 1.349145e+01
1.283437e+01 1.605742e+01 1.839361e+01
1.523220e+01 2.967240e+01 2.105992e+01
1.630426e+01 3.899979e+01 1.701307e+01
1.003144e+01 1.369103e+01 1.702660e+01
8.726076e+00 1.160343e+01 9.796025e+00
1.495576e+01 1.268114e+01 1.650822e+01
1.508184e+01 1.064848e+01 9.740898e+00
1.005420e+01 1.073231e+01 9.465096e+00
1.378650e+01 1.018440e+01 9.340037e+00
9.242261e+00 1.541009e+01 1.744610e+01
1.573439e+01 1.404524e+01 1.716977e+01
1.154103e+01 1.981853e+01 1.136590e+01
1.198782e+01 2.114035e+01 1.109469e+01
1.122862e+01 2.052379e+01 1.102545e+01
1.501588e+01 1.935387e+01 1.136806e+01
1.509091e+01 2.068196e+01 1.108197e+01
1.565069e+01 1.994994e+01 1.091110e+01
1.114587e+01 2.463857e+01 9.540416e+00
1.721932e+01 2.372717e+01 9.450478e+00
7.940366e+00 1.554686e+01 1.207933e+01
7.987221e+00 1.576547e+01 1.090488e+01
7.885989e+00 1.699315e+01 1.195285e+01
7.798017e+00 1.760923e+01 1.106073e+01
1.731799e+01 1.427817e+01 1.197331e+01
1.712461e+01 1.439930e+01 1.088582e+01
1.794716e+01 1.560561e+01 1.182462e+01
1.773927e+01 1.589194e+01 1.108619e+01
7.337500e+00 1.650239e+01 1.558418e+01
1.802616e+01 1.470661e+01 1.526700e+01
2.149331e+00 2.576780e+01 1.309031e+01
2.582827e+01 2.169531e+01 1.289092e+01
8.127612e+00 2.834361e+01 1.575860e+01
2.105492e+01 2.609648e+01 1.539075e+01
1.385204e+01 3.059527e+01 8.646254e+00
1.626978e+01 3.017097e+01 8.691903e+00
1.308617e+01 3.086187e+01 8.532821e+00
1.735909e+01 3.006392e+01 8.262174e+00
1.392074e+01 3.148713e+01 8.244740e+00
1.668934e+01 3.088648e+01 8.293876e+00
1.110712e+01 3.216488e+01 8.500714e+00
1.959868e+01 3.075826e+01 8.512206e+00
6.893192e+00 3.452120e+01 9.655677e+00
4.353844e+00 3.437490e+01 8.233121e+00
5.855614e+00 3.442482e+01 9.802566e+00
2.434002e+01 3.192801e+01 9.734129e+00
2.593889e+01 3.105059e+01 7.665129e+00
2.483001e+01 3.121039e+01 9.720109e+00
8.840964e+00 3.120800e+01 9.028273e+00
9.742290e+00 3.713370e+01 4.412726e+00
2.192398e+01 2.928578e+01 8.862838e+00
2.203810e+01 3.515028e+01 3.961098e+00
8.238610e+00 3.507915e+01 7.174506e+00
2.303394e+01 3.443345e+01 8.241984e+00
9.807818e+00 3.510476e+01 8.063007e+00
2.158946e+01 3.269749e+01 8.219531e+00
9.826637e+00 3.609116e+01 6.602369e+00
2.185752e+01 3.411218e+01 8.980601e+00
