[individuals]
1
[dimensions]
3
[landmarks]
58
[rawpoints]
'#1
5.867603e+01 1.914419e+01 3.420111e+01
5.971385e+01 6.135611e+01 6.283355e+01
6.170604e+01 9.390932e+01 7.695618e+01
6.612160e+01 1.228164e+02 7.580452e+01
5.512577e+01 3.871416e+01 4.672382e+01
5.657878e+01 3.957638e+01 2.441253e+01
6.353822e+01 3.900589e+01 4.865119e+01
6.837189e+01 3.918425e+01 2.767346e+01
5.865579e+01 3.755569e+01 2.276395e+01
6.616328e+01 3.623112e+01 2.382110e+01
5.065477e+01 6.164402e+01 5.936152e+01
6.939123e+01 5.919088e+01 6.219438e+01
5.989956e+01 6.848259e+01 3.907224e+01
6.327377e+01 8.414679e+01 3.941022e+01
5.815834e+01 7.993240e+01 3.886337e+01
6.693614e+01 6.728497e+01 4.050860e+01
6.854366e+01 8.345873e+01 4.004414e+01
7.292390e+01 7.776865e+01 4.133735e+01
5.853406e+01 8.798051e+01 3.720213e+01
7.523415e+01 8.610999e+01 4.009778e+01
4.916691e+01 5.991314e+01 4.292143e+01
4.931295e+01 5.982673e+01 4.057284e+01
5.236526e+01 7.209525e+01 4.548824e+01
5.243453e+01 7.232667e+01 4.257474e+01
7.542399e+01 5.761014e+01 4.696072e+01
7.586472e+01 5.790034e+01 4.451320e+01
7.498977e+01 6.915498e+01 4.842586e+01
7.566994e+01 6.989787e+01 4.569676e+01
4.648719e+01 6.790962e+01 5.891311e+01
7.721152e+01 6.211095e+01 6.036065e+01
3.678471e+01 8.844725e+01 4.846291e+01
9.196380e+01 8.021381e+01 5.720290e+01
4.861336e+01 1.026058e+02 6.189326e+01
8.030190e+01 9.613220e+01 6.522713e+01
6.508038e+01 1.001036e+02 4.874994e+01
6.900470e+01 1.000443e+02 4.887815e+01
6.466484e+01 1.053134e+02 4.756730e+01
7.193906e+01 1.053276e+02 4.924458e+01
6.413821e+01 1.110796e+02 4.869944e+01
7.248190e+01 1.094022e+02 5.020790e+01
5.739153e+01 1.117487e+02 4.917628e+01
7.860366e+01 1.084247e+02 5.151904e+01
4.820528e+01 1.152892e+02 5.243640e+01
4.368834e+01 1.153456e+02 5.097985e+01
4.625583e+01 1.145014e+02 5.283456e+01
8.664375e+01 1.095273e+02 5.762783e+01
9.137965e+01 1.091730e+02 5.765303e+01
8.783862e+01 1.081861e+02 5.844562e+01
5.162481e+01 1.087633e+02 4.994411e+01
5.840088e+01 1.218395e+02 4.513081e+01
8.318910e+01 1.064611e+02 5.170828e+01
7.940125e+01 1.178633e+02 4.797660e+01
5.312182e+01 1.199653e+02 5.154670e+01
8.397944e+01 1.155132e+02 5.575523e+01
5.545521e+01 1.192392e+02 5.116583e+01
8.207168e+01 1.153109e+02 5.541997e+01
5.251853e+01 1.222252e+02 5.192480e+01
8.457457e+01 1.172194e+02 5.618867e+01
