[individuals]
1
[dimensions]
3
[landmarks]
58
[rawpoints]
'#1
1.201928e+00 4.279282e+00 3.529903e+01
-1.121036e+00 1.198256e+01 1.348612e+01
-2.465132e+00 1.776020e+01 -5.945813e+00
-3.165724e+00 9.452389e+00 -3.355093e+01
-4.204565e+00 7.742080e+00 2.362553e+01
-4.982550e+00 -7.702246e+00 3.249748e+01
5.008621e+00 6.550714e+00 2.621356e+01
8.922461e+00 -7.151289e+00 3.173258e+01
-8.019450e-01 -6.054148e+00 3.065601e+01
4.234260e+00 -5.740639e+00 3.047525e+01
-7.195722e+00 1.065349e+01 1.543995e+01
6.404036e+00 1.016246e+01 1.720497e+01
-2.147653e+00 -5.192680e+00 1.467931e+01
-4.109409e+00 -6.430853e+00 -6.629890e-01
-5.506055e+00 -6.272217e+00 2.617151e+00
2.812218e+00 -4.568916e+00 1.400570e+01
3.580584e+00 -5.472603e+00 -7.464830e-01
5.458612e+00 -4.942411e+00 2.169042e+00
-5.523427e+00 -6.340149e+00 -1.838758e+00
5.336203e+00 -5.084831e+00 -2.219362e+00
-8.747998e+00 -1.585426e+00 2.525087e+01
-8.342974e+00 -2.980549e+00 2.496305e+01
-8.261651e+00 -1.940702e+00 1.171212e+01
-8.456984e+00 -3.512144e+00 1.139051e+01
1.031009e+01 4.996540e-01 2.336010e+01
1.049088e+01 -1.155793e+00 2.333772e+01
9.218528e+00 1.931860e-01 1.083445e+01
9.611388e+00 -1.330256e+00 1.015415e+01
-8.772779e+00 5.600582e+00 1.772927e+01
8.214832e+00 7.321672e+00 1.749246e+01
-2.225000e+01 6.655826e+00 2.993980e+00
2.000988e+01 1.135805e+01 1.122025e+00
-1.255016e+01 9.692127e+00 -1.367861e+01
7.506313e+00 1.342534e+01 -1.758559e+01
-3.089446e+00 -3.640228e+00 -1.582508e+01
2.126157e+00 -2.911116e+00 -1.617794e+01
-5.514828e+00 -3.428811e+00 -1.610378e+01
3.670015e+00 -2.537416e+00 -1.636764e+01
-5.130679e+00 -3.078932e+00 -1.842708e+01
3.152101e+00 -1.983711e+00 -1.883841e+01
-9.315868e+00 -2.451208e+00 -1.992545e+01
6.378130e+00 -5.793020e-01 -1.991089e+01
-1.585091e+01 2.550390e-01 -2.080070e+01
-1.946597e+01 1.041360e-01 -2.095586e+01
-1.878692e+01 8.133010e-01 -2.024021e+01
1.286979e+01 3.909693e+00 -2.232757e+01
1.598966e+01 3.263604e+00 -2.242884e+01
1.529952e+01 4.488115e+00 -2.175606e+01
-1.320082e+01 -2.226736e+00 -1.632041e+01
-1.182593e+01 -6.410246e+00 -2.409711e+01
1.012916e+01 -3.886300e-02 -1.779257e+01
9.162136e+00 -4.126858e+00 -2.496779e+01
-1.278730e+01 -2.226354e+00 -2.452929e+01
9.942971e+00 -9.685600e-02 -2.568892e+01
-1.204924e+01 -3.827637e+00 -2.471504e+01
9.379912e+00 -1.128539e+00 -2.574901e+01
-1.243988e+01 -9.039600e-01 -2.374303e+01
9.806286e+00 -2.474770e+00 -2.569948e+01
