[individuals]
1
[dimensions]
3
[landmarks]
58
[rawpoints]
'#1
-1.340433e+00 -1.641010e+01 8.429712e+00
-5.256590e-01 -2.285795e+00 9.467604e+00
5.152120e-01 1.000388e+01 1.067312e+01
1.458964e+00 1.785398e+01 8.431122e+00
-2.701272e+00 -7.515553e+00 9.271132e+00
-5.045572e+00 -1.269099e+01 4.163912e+00
1.120560e+00 -7.959752e+00 8.992827e+00
2.785872e+00 -1.332134e+01 4.276966e+00
-3.661842e+00 -1.429468e+01 4.636539e+00
1.482501e+00 -1.458299e+01 4.603218e+00
-3.699664e+00 -2.790500e+00 9.873734e+00
2.651990e+00 -3.165723e+00 9.679113e+00
-3.088106e+00 -5.363075e+00 3.970241e+00
-1.905995e+00 -3.807370e-01 3.094689e+00
-3.225964e+00 -5.579910e-01 2.770450e+00
1.860949e+00 -5.803400e+00 3.904909e+00
1.625638e+00 -5.119850e-01 2.855747e+00
2.803706e+00 -7.126580e-01 2.485272e+00
-3.981660e+00 2.365268e+00 1.701269e+00
3.794793e+00 1.951801e+00 1.438123e+00
-6.412786e+00 -5.314568e+00 4.823402e+00
-6.201185e+00 -5.212993e+00 3.382816e+00
-6.605673e+00 -2.637709e+00 3.926095e+00
-6.541490e+00 -2.761802e+00 2.898083e+00
5.692218e+00 -5.720952e+00 4.435105e+00
5.180142e+00 -6.285403e+00 3.322218e+00
5.744726e+00 -3.486284e+00 3.776267e+00
5.729482e+00 -3.491572e+00 2.679949e+00
-8.323760e+00 -3.653322e+00 5.708723e+00
7.224394e+00 -4.715826e+00 5.477470e+00
-1.157472e+01 5.991855e+00 4.138045e+00
1.207525e+01 3.821282e+00 3.887445e+00
-6.698256e+00 1.029228e+01 6.077800e+00
8.176475e+00 9.305967e+00 5.978783e+00
6.791350e-01 9.330237e+00 7.443560e-01
7.075670e-01 9.332049e+00 7.461800e-01
-9.901730e-01 9.391178e+00 8.263270e-01
2.262815e+00 9.138707e+00 9.327990e-01
-4.732310e-01 1.164985e+01 3.899710e-01
2.210742e+00 1.141740e+01 3.657860e-01
-1.175937e+00 1.144205e+01 3.949890e-01
2.902612e+00 1.134939e+01 5.757610e-01
-7.704657e+00 1.498587e+01 2.203310e+00
-8.975664e+00 1.293545e+01 -2.709430e-01
-8.732573e+00 1.308737e+01 1.065340e+00
9.895018e+00 1.343475e+01 2.230034e+00
1.100977e+01 1.120805e+01 -3.876660e-01
1.063184e+01 1.135571e+01 1.055530e+00
-5.356196e+00 9.961601e+00 9.344120e-01
-3.728760e+00 1.363211e+01 -3.305809e+00
5.526773e+00 8.643625e+00 1.037144e+00
6.374516e+00 1.311292e+01 -2.908286e+00
-5.714183e+00 1.634163e+01 -1.361710e+00
8.172582e+00 1.534510e+01 -1.268265e+00
-3.391085e+00 1.533160e+01 -8.271060e-01
5.950718e+00 1.461477e+01 -6.680350e-01
-5.444267e+00 1.597110e+01 -1.061482e+00
7.962305e+00 1.494822e+01 -7.940490e-01
