[individuals]
1
[dimensions]
3
[landmarks]
58
[rawpoints]
'#1
3.130737e+01 2.599440e+00 1.411421e+01
2.914548e+01 1.828551e+01 2.374784e+01
2.560028e+01 3.101460e+01 2.956513e+01
1.884917e+01 4.555660e+01 3.284180e+01
2.918584e+01 9.130754e+00 1.948274e+01
2.424189e+01 5.346927e+00 1.512610e+01
3.153518e+01 1.019858e+01 1.697551e+01
2.963585e+01 8.966322e+00 1.011792e+01
2.535241e+01 6.152269e+00 1.321068e+01
2.765863e+01 7.842346e+00 1.105052e+01
2.709839e+01 1.426436e+01 2.291389e+01
3.071502e+01 1.724092e+01 1.921881e+01
2.226068e+01 1.574073e+01 1.636651e+01
1.908423e+01 2.248080e+01 1.769534e+01
1.972875e+01 1.855204e+01 1.772667e+01
2.405389e+01 1.695939e+01 1.466710e+01
2.061460e+01 2.346683e+01 1.633602e+01
2.241021e+01 2.169141e+01 1.530573e+01
1.588391e+01 2.460303e+01 1.967307e+01
2.052908e+01 2.761657e+01 1.545643e+01
2.312931e+01 1.083796e+01 1.923072e+01
2.161509e+01 1.121619e+01 1.834282e+01
2.145555e+01 1.327728e+01 2.037828e+01
2.042922e+01 1.339018e+01 1.953459e+01
2.915941e+01 1.615245e+01 1.370997e+01
2.839354e+01 1.629050e+01 1.224334e+01
2.842823e+01 1.837816e+01 1.432146e+01
2.689401e+01 1.893909e+01 1.289185e+01
2.377589e+01 1.348485e+01 2.153873e+01
2.981460e+01 1.777995e+01 1.613329e+01
1.251828e+01 2.307476e+01 2.896809e+01
2.826100e+01 3.397540e+01 1.457942e+01
1.407225e+01 3.158567e+01 2.991852e+01
2.445700e+01 3.911507e+01 2.152524e+01
1.615944e+01 3.249372e+01 2.059760e+01
1.632477e+01 3.258935e+01 2.044764e+01
1.244225e+01 3.422767e+01 2.281100e+01
1.637707e+01 3.734359e+01 1.903596e+01
1.349125e+01 3.619354e+01 2.256608e+01
1.540023e+01 3.738993e+01 2.080719e+01
1.166580e+01 3.491979e+01 2.393257e+01
1.699453e+01 3.945898e+01 1.961780e+01
9.738927e+00 3.533760e+01 2.864957e+01
6.267303e+00 3.328315e+01 2.749361e+01
7.674145e+00 3.291370e+01 2.862512e+01
2.049743e+01 4.299166e+01 1.964665e+01
1.982623e+01 4.293801e+01 1.525142e+01
2.083742e+01 4.231564e+01 1.683831e+01
1.083206e+01 3.321680e+01 2.551122e+01
8.403992e+00 3.707372e+01 2.461338e+01
1.883876e+01 3.924325e+01 1.815327e+01
1.560373e+01 4.207434e+01 1.860501e+01
7.701797e+00 3.967951e+01 2.756807e+01
1.662826e+01 4.563982e+01 2.002636e+01
9.488026e+00 3.785271e+01 2.621696e+01
1.689819e+01 4.265572e+01 1.995571e+01
7.680293e+00 3.803334e+01 2.623975e+01
1.625651e+01 4.430630e+01 1.855898e+01
