[individuals]
1
[dimensions]
3
[landmarks]
58
[rawpoints]
'#1
2.712013e+01 5.782172e+00 3.479696e+01
2.179928e+01 3.785222e+01 3.745612e+01
1.909863e+01 5.658921e+01 3.743398e+01
1.770382e+01 6.869259e+01 3.337540e+01
2.256804e+01 1.775558e+01 3.507908e+01
2.118061e+01 1.395815e+01 2.602982e+01
2.806437e+01 1.899755e+01 3.600570e+01
3.337413e+01 1.526924e+01 2.805457e+01
2.418742e+01 1.479075e+01 2.696799e+01
3.021984e+01 1.562677e+01 2.803842e+01
1.919657e+01 3.068329e+01 3.463998e+01
2.737795e+01 3.241330e+01 3.586857e+01
2.250719e+01 2.967521e+01 2.516935e+01
2.151924e+01 3.813004e+01 2.246726e+01
2.070660e+01 3.635715e+01 2.261900e+01
2.743055e+01 3.040882e+01 2.600862e+01
2.648886e+01 3.980321e+01 2.299586e+01
2.787817e+01 3.760774e+01 2.381270e+01
1.910230e+01 4.298441e+01 1.985678e+01
2.819316e+01 4.487563e+01 2.124524e+01
1.851307e+01 2.459566e+01 2.848749e+01
1.886430e+01 2.408638e+01 2.620493e+01
1.671411e+01 2.943051e+01 2.752221e+01
1.795612e+01 2.945389e+01 2.374634e+01
3.198316e+01 2.735005e+01 3.051416e+01
3.221161e+01 2.659134e+01 2.836510e+01
3.198107e+01 3.285194e+01 2.998017e+01
3.208857e+01 3.245171e+01 2.612358e+01
1.653669e+01 3.169295e+01 3.085098e+01
3.049507e+01 3.373558e+01 3.290157e+01
4.425608e+00 4.630910e+01 2.627367e+01
3.830772e+01 5.167137e+01 3.227672e+01
1.187464e+01 5.797934e+01 2.770424e+01
2.863637e+01 6.123399e+01 2.948800e+01
2.184318e+01 5.609357e+01 2.012266e+01
2.187026e+01 5.608728e+01 2.011410e+01
1.995096e+01 5.652015e+01 1.938882e+01
2.367212e+01 5.724762e+01 1.985570e+01
1.931629e+01 6.002050e+01 1.912432e+01
2.338103e+01 6.056892e+01 1.982164e+01
1.557780e+01 6.095455e+01 1.906911e+01
2.669599e+01 6.307744e+01 2.092866e+01
1.045460e+01 6.332870e+01 2.031555e+01
9.273504e+00 5.937605e+01 1.574366e+01
9.747950e+00 5.986071e+01 1.769308e+01
3.025077e+01 6.601883e+01 2.336122e+01
3.372896e+01 6.342118e+01 1.993163e+01
3.276519e+01 6.354424e+01 2.160936e+01
1.353563e+01 5.963040e+01 1.858194e+01
1.323795e+01 6.306890e+01 1.527715e+01
2.885063e+01 6.212856e+01 2.095817e+01
2.924363e+01 6.563876e+01 1.786406e+01
1.133379e+01 6.522200e+01 1.803409e+01
2.944305e+01 6.825276e+01 2.082974e+01
1.359050e+01 6.382579e+01 1.799774e+01
2.811248e+01 6.645118e+01 2.012142e+01
1.192365e+01 6.471243e+01 1.648161e+01
2.959374e+01 6.766093e+01 1.920864e+01
