[individuals]
1
[dimensions]
3
[landmarks]
58
[rawpoints]
'#1
1.671934e+01 8.928910e-01 1.367968e+01
1.566556e+01 6.988417e+00 1.410158e+01
1.451642e+01 1.195938e+01 1.392240e+01
1.379968e+01 1.548576e+01 1.344810e+01
1.549454e+01 3.080463e+00 1.390376e+01
1.518506e+01 2.215596e+00 1.195102e+01
1.703298e+01 3.498453e+00 1.403772e+01
1.787344e+01 2.652321e+00 1.216875e+01
1.578732e+01 1.779522e+00 1.225331e+01
1.743767e+01 2.060521e+00 1.235063e+01
1.445117e+01 5.248919e+00 1.390835e+01
1.715733e+01 5.916064e+00 1.408368e+01
1.525655e+01 5.610660e+00 1.192210e+01
1.508906e+01 6.699564e+00 1.160400e+01
1.484352e+01 6.435073e+00 1.159267e+01
1.659236e+01 5.889282e+00 1.196516e+01
1.641485e+01 6.964431e+00 1.164900e+01
1.662745e+01 6.892787e+00 1.167282e+01
1.412941e+01 7.598018e+00 1.111180e+01
1.698458e+01 8.169191e+00 1.128611e+01
1.393232e+01 4.759007e+00 1.210607e+01
1.401465e+01 4.832349e+00 1.165738e+01
1.362232e+01 5.921094e+00 1.178418e+01
1.358675e+01 5.869802e+00 1.140565e+01
1.825212e+01 5.768338e+00 1.227392e+01
1.809636e+01 5.694468e+00 1.185024e+01
1.797288e+01 6.812336e+00 1.203160e+01
1.804138e+01 6.789735e+00 1.168356e+01
1.349903e+01 5.105960e+00 1.250047e+01
1.830717e+01 6.000417e+00 1.276336e+01
1.086600e+01 7.759237e+00 1.174310e+01
1.975158e+01 9.517506e+00 1.227768e+01
1.157678e+01 1.045136e+01 1.245204e+01
1.808567e+01 1.171598e+01 1.269913e+01
1.426120e+01 1.016891e+01 1.062272e+01
1.591264e+01 1.046910e+01 1.068087e+01
1.382968e+01 1.075660e+01 1.030760e+01
1.615480e+01 1.119875e+01 1.046220e+01
1.397492e+01 1.213834e+01 1.020878e+01
1.541600e+01 1.239939e+01 1.027563e+01
1.377785e+01 1.120490e+01 1.026974e+01
1.580209e+01 1.173846e+01 1.035874e+01
1.082604e+01 1.183496e+01 1.049135e+01
1.087800e+01 1.112934e+01 9.965760e+00
1.091508e+01 1.098083e+01 1.062712e+01
1.837460e+01 1.335419e+01 1.094555e+01
1.864925e+01 1.268290e+01 1.045146e+01
1.855188e+01 1.262605e+01 1.100077e+01
1.259905e+01 1.053507e+01 1.044442e+01
1.293824e+01 1.265739e+01 9.361347e+00
1.726594e+01 1.146817e+01 1.096202e+01
1.615084e+01 1.328166e+01 9.644985e+00
1.109598e+01 1.361570e+01 9.613016e+00
1.746515e+01 1.462749e+01 9.850126e+00
1.227868e+01 1.317258e+01 9.853943e+00
1.654773e+01 1.413890e+01 9.783879e+00
1.127841e+01 1.352309e+01 9.529182e+00
1.730760e+01 1.450066e+01 9.783026e+00
