[individuals]
1
[dimensions]
3
[landmarks]
58
[rawpoints]
'#1
-1.284071e+00 7.787470e+00 4.475108e+01
-5.106340e-01 1.354855e+01 1.326766e+01
-1.931920e-01 1.318854e+01 -2.015390e+01
2.606750e-01 5.571718e+00 -3.377520e+01
-5.636568e+00 9.649656e+00 2.533147e+01
-6.943422e+00 -1.316454e+00 2.982146e+01
3.694505e+00 9.519913e+00 2.573904e+01
4.573910e+00 -1.827254e+00 3.068045e+01
-3.647288e+00 -1.412819e+00 3.022943e+01
1.689111e+00 -1.737469e+00 3.062312e+01
-7.036037e+00 1.182529e+01 1.332047e+01
5.716801e+00 1.169320e+01 1.390973e+01
-3.883879e+00 -2.931788e+00 1.015017e+01
-3.724486e+00 -7.548068e+00 -2.241140e+00
-5.130774e+00 -3.946802e+00 6.198295e+00
1.650449e+00 -3.303085e+00 8.719425e+00
1.527840e+00 -7.770802e+00 -2.090727e+00
3.900677e+00 -4.481821e+00 5.841807e+00
-5.945161e+00 -7.799307e+00 -2.973970e+00
4.611867e+00 -7.657125e+00 -2.431783e+00
-1.006594e+01 7.903090e-01 1.585860e+01
-1.041522e+01 -3.811770e-01 1.633537e+01
-1.038834e+01 -2.211760e-01 8.626048e+00
-1.009762e+01 -2.029696e+00 8.478469e+00
8.883435e+00 6.110660e-01 1.633750e+01
8.370378e+00 -7.886580e-01 1.664373e+01
8.849127e+00 -7.480020e-01 9.683794e+00
8.530483e+00 -2.382437e+00 8.934799e+00
-1.081080e+01 1.056232e+01 3.069839e+00
1.019760e+01 1.011581e+01 3.478684e+00
-1.971170e+01 3.459640e-01 -6.949544e+00
1.881731e+01 -1.680460e-01 -6.343882e+00
-1.079771e+01 7.131866e+00 -1.853604e+01
1.082283e+01 6.620513e+00 -1.863764e+01
-4.303566e-01 -6.723468e+00 -1.235856e+01
-4.163251e-01 -6.789595e+00 -1.250711e+01
-3.148385e+00 -8.598806e+00 -1.607941e+01
1.349222e+00 -8.033989e+00 -1.527351e+01
-2.556993e+00 -8.212840e+00 -1.767505e+01
2.122593e+00 -8.525348e+00 -1.763748e+01
-6.883237e+00 -8.192985e+00 -2.052659e+01
6.547503e+00 -8.487898e+00 -1.962110e+01
-1.390819e+01 -7.632061e+00 -2.183305e+01
-1.453888e+01 -9.485275e+00 -2.119875e+01
-1.300066e+01 -8.376731e+00 -2.135850e+01
1.388154e+01 -7.746078e+00 -2.152860e+01
1.404896e+01 -1.012208e+01 -2.070344e+01
1.223771e+01 -9.258531e+00 -2.086240e+01
-1.045408e+01 -9.038330e+00 -1.861398e+01
-1.010713e+01 -1.370523e+01 -2.539138e+01
8.905413e+00 -9.369431e+00 -1.782062e+01
9.063265e+00 -1.442173e+01 -2.496128e+01
-1.172017e+01 -8.255149e+00 -2.554958e+01
1.187150e+01 -8.607602e+00 -2.548356e+01
-9.325914e+00 -9.483468e+00 -2.342628e+01
8.014143e+00 -9.509204e+00 -2.285267e+01
-1.170808e+01 -1.254281e+01 -2.451789e+01
1.107289e+01 -1.294474e+01 -2.355964e+01
