[individuals]
1
[dimensions]
3
[landmarks]
58
[rawpoints]
'#1
3.161497e+00 -3.888093e+00 3.105370e+01
1.686362e+00 3.364677e+00 1.006487e+01
1.373208e+00 8.533997e+00 -6.001395e+00
1.017113e+00 7.534229e+00 -2.065731e+01
-1.591688e+00 1.627882e+00 1.616892e+01
-1.323392e+00 -1.235815e+01 2.300699e+01
6.738102e+00 1.649971e+00 1.608861e+01
7.996294e+00 -1.229111e+01 2.282384e+01
7.341480e-01 -1.154539e+01 2.231869e+01
5.711450e+00 -1.127774e+01 2.223821e+01
-3.310906e+00 2.672224e+00 1.260542e+01
7.324324e+00 3.479269e+00 1.224999e+01
-7.948540e-01 -8.631233e+00 8.213314e+00
-4.297950e-01 -8.298155e+00 1.780130e-01
-1.121156e+00 -8.588785e+00 3.332518e+00
6.120436e+00 -8.540972e+00 7.220549e+00
5.281713e+00 -8.133547e+00 1.311170e-01
5.708932e+00 -8.292931e+00 3.135803e+00
-2.663722e+00 -8.851332e+00 -2.576042e+00
7.019560e+00 -8.538357e+00 -3.091705e+00
-3.849622e+00 -7.528543e+00 1.741388e+01
-3.758874e+00 -8.793233e+00 1.732826e+01
-4.976794e+00 -6.968964e+00 1.083778e+01
-4.615022e+00 -8.108684e+00 1.003779e+01
9.790515e+00 -7.246386e+00 1.706381e+01
9.588149e+00 -8.596640e+00 1.708942e+01
1.033600e+01 -6.804229e+00 1.089846e+01
1.023650e+01 -7.916147e+00 1.024612e+01
-4.753170e+00 -9.918270e-01 1.437671e+01
9.962734e+00 -5.808620e-01 1.411810e+01
-1.481458e+01 -1.606380e+00 2.322089e+00
1.890647e+01 -3.585820e-01 1.282621e+00
-7.454342e+00 2.818014e+00 -9.240039e+00
1.003788e+01 3.812943e+00 -9.104998e+00
2.536910e-01 -6.923927e+00 -1.373707e+01
2.744468e+00 -6.939217e+00 -1.371823e+01
-1.116689e+00 -7.491593e+00 -1.384666e+01
5.541631e+00 -6.390704e+00 -1.435637e+01
-3.670380e-01 -6.125796e+00 -1.543185e+01
3.360770e+00 -5.890016e+00 -1.551886e+01
-4.627199e+00 -7.036747e+00 -1.380939e+01
8.073250e+00 -6.542966e+00 -1.432993e+01
-1.082702e+01 -2.863346e+00 -1.660423e+01
-1.459287e+01 -4.617724e+00 -1.681492e+01
-1.393655e+01 -2.662292e+00 -1.619057e+01
1.322206e+01 -2.398417e+00 -1.722713e+01
1.726614e+01 -3.858529e+00 -1.770560e+01
1.637984e+01 -9.960760e-01 -1.691978e+01
-7.877692e+00 -4.863913e+00 -1.287264e+01
-6.049329e+00 -9.212168e+00 -2.238311e+01
1.101290e+01 -4.967173e+00 -1.415629e+01
9.015453e+00 -8.425945e+00 -2.270722e+01
-6.861445e+00 -3.466963e+00 -1.890393e+01
9.492799e+00 -3.002828e+00 -1.926029e+01
-7.061447e+00 -5.837752e+00 -2.054384e+01
1.007266e+01 -4.853939e+00 -2.089041e+01
-8.181652e+00 -3.023379e+00 -1.893433e+01
1.070300e+01 -2.248765e+00 -1.934832e+01
