[individuals]
1
[dimensions]
3
[landmarks]
58
[rawpoints]
'#1
1.994724e+00 -4.422973e+00 3.110393e+01
6.741750e-01 2.782005e+00 9.431679e+00
5.481310e-01 7.045263e+00 -4.958942e+00
3.598750e-01 6.301605e+00 -2.124339e+01
-3.413948e+00 1.434479e+00 1.489306e+01
-3.078665e+00 -1.318357e+01 2.317392e+01
5.766976e+00 1.656187e+00 1.492791e+01
7.000586e+00 -1.242022e+01 2.312119e+01
-1.243339e+00 -1.230221e+01 2.285802e+01
5.509368e+00 -1.195304e+01 2.260087e+01
-4.071906e+00 2.179432e+00 1.266019e+01
6.347127e+00 2.435879e+00 1.246678e+01
1.666500e-02 -9.616278e+00 9.812500e+00
-7.293470e-01 -9.293126e+00 2.893521e+00
-2.737993e+00 -1.019191e+01 3.847605e+00
2.958815e+00 -9.412809e+00 9.878591e+00
4.071644e+00 -9.167100e+00 2.172177e+00
5.561154e+00 -9.788729e+00 3.065378e+00
-3.601913e+00 -1.042734e+01 -2.832465e+00
6.341153e+00 -9.948002e+00 -3.017344e+00
-5.518642e+00 -8.341799e+00 1.700723e+01
-5.168654e+00 -9.970634e+00 1.714937e+01
-6.224760e+00 -8.254441e+00 1.004742e+01
-6.330634e+00 -9.270896e+00 9.561387e+00
9.141157e+00 -7.920509e+00 1.660032e+01
8.919023e+00 -9.410828e+00 1.640806e+01
9.399436e+00 -7.722227e+00 9.913328e+00
9.755223e+00 -8.677807e+00 9.287506e+00
-7.053786e+00 -1.817122e+00 1.372391e+01
9.315150e+00 -1.021852e+00 1.350567e+01
-1.622675e+01 -3.290030e+00 6.610200e-01
1.810195e+01 -1.669700e+00 2.973120e-01
-8.041346e+00 1.424618e+00 -8.408264e+00
9.240942e+00 2.040051e+00 -8.626911e+00
-2.600520e-01 -8.543527e+00 -1.421531e+01
2.936836e+00 -8.443350e+00 -1.392724e+01
-2.128167e+00 -8.188521e+00 -1.427107e+01
3.900762e+00 -7.808698e+00 -1.459975e+01
-1.487287e+00 -7.744095e+00 -1.584098e+01
2.657974e+00 -7.740885e+00 -1.590457e+01
-5.975280e+00 -8.383657e+00 -1.308676e+01
7.545616e+00 -7.695494e+00 -1.356157e+01
-1.170050e+01 -4.547580e+00 -1.710786e+01
-1.542508e+01 -6.536571e+00 -1.687257e+01
-1.438600e+01 -3.594678e+00 -1.634759e+01
1.317276e+01 -3.375226e+00 -1.758988e+01
1.691356e+01 -5.002890e+00 -1.726691e+01
1.552837e+01 -2.457816e+00 -1.718470e+01
-8.314760e+00 -7.004707e+00 -1.318117e+01
-6.481296e+00 -1.138055e+01 -2.235090e+01
1.031790e+01 -5.745296e+00 -1.338085e+01
8.256751e+00 -1.045041e+01 -2.259159e+01
-7.290287e+00 -6.700256e+00 -1.856454e+01
9.053164e+00 -5.536971e+00 -1.854527e+01
-7.651794e+00 -7.710107e+00 -2.013183e+01
9.550900e+00 -6.704437e+00 -2.067911e+01
-7.948760e+00 -5.315193e+00 -1.860866e+01
9.546100e+00 -4.452056e+00 -1.873304e+01
