[individuals]
1
[dimensions]
3
[landmarks]
58
[rawpoints]
'#1
1.014967e+01 6.806204e+00 2.020818e+01
7.504778e+00 1.964924e+01 1.678837e+01
6.204993e+00 2.792271e+01 1.461111e+01
5.972393e+00 3.171215e+01 1.238168e+01
7.321223e+00 1.470991e+01 1.745758e+01
8.544255e+00 9.418300e+00 1.630533e+01
9.272528e+00 1.471757e+01 1.810349e+01
1.125465e+01 9.903603e+00 1.719500e+01
9.684091e+00 9.436421e+00 1.719987e+01
9.969917e+00 9.457838e+00 1.726639e+01
5.879457e+00 1.770843e+01 1.591296e+01
1.029379e+01 1.830287e+01 1.690821e+01
8.428349e+00 1.461035e+01 1.455560e+01
8.429793e+00 1.944260e+01 1.065914e+01
7.973056e+00 1.871600e+01 1.109237e+01
9.959423e+00 1.495243e+01 1.494281e+01
9.736145e+00 1.969530e+01 1.111371e+01
1.026408e+01 1.941522e+01 1.164862e+01
7.580844e+00 1.914590e+01 1.021418e+01
1.093028e+01 2.007263e+01 1.103158e+01
6.095840e+00 1.609005e+01 1.377360e+01
6.431140e+00 1.570566e+01 1.312007e+01
5.454720e+00 1.815563e+01 1.190836e+01
5.946193e+00 1.820291e+01 1.118530e+01
1.163680e+01 1.768476e+01 1.500997e+01
1.185521e+01 1.707312e+01 1.444823e+01
1.197305e+01 1.986655e+01 1.362909e+01
1.211767e+01 1.958532e+01 1.294851e+01
5.058099e+00 1.730691e+01 1.341855e+01
1.207248e+01 1.897898e+01 1.520961e+01
2.610887e+00 2.074915e+01 1.021210e+01
1.384515e+01 2.339083e+01 1.311146e+01
2.792271e+00 2.554308e+01 1.119238e+01
1.150125e+01 2.807125e+01 1.347183e+01
8.786952e+00 2.417234e+01 8.556042e+00
8.914503e+00 2.419390e+01 8.583000e+00
7.541739e+00 2.463605e+01 7.602917e+00
9.972599e+00 2.515983e+01 8.286861e+00
7.481153e+00 2.550933e+01 6.932572e+00
1.004364e+01 2.612543e+01 7.704289e+00
6.561244e+00 2.484382e+01 7.099247e+00
1.106635e+01 2.593163e+01 8.328035e+00
3.087184e+00 2.658817e+01 6.807845e+00
2.913256e+00 2.566570e+01 6.890299e+00
3.360802e+00 2.582836e+01 7.288869e+00
1.309247e+01 2.890801e+01 9.606637e+00
1.356913e+01 2.805614e+01 9.757360e+00
1.302192e+01 2.803911e+01 1.004052e+01
5.238058e+00 2.422646e+01 7.571790e+00
5.982903e+00 2.535730e+01 5.155544e+00
1.210868e+01 2.589240e+01 9.389727e+00
1.216104e+01 2.698421e+01 6.773109e+00
4.931765e+00 2.780542e+01 4.639966e+00
1.235884e+01 2.943148e+01 6.797841e+00
5.834206e+00 2.696324e+01 4.688835e+00
1.198853e+01 2.795647e+01 6.763017e+00
5.024777e+00 2.636276e+01 4.772314e+00
1.295240e+01 2.818425e+01 7.360703e+00
