[individuals]
1
[dimensions]
3
[landmarks]
58
[rawpoints]
'#1
2.738874e+00 1.132380e+01 4.468658e+01
2.062392e+00 1.848919e+01 7.314644e+00
1.252194e+00 1.941159e+01 -2.050163e+01
4.388100e-01 1.370070e+01 -4.919099e+01
-3.767973e+00 1.452564e+01 2.708689e+01
-1.188752e+01 -2.384049e+00 4.270457e+01
8.527982e+00 1.391388e+01 2.798191e+01
1.712720e+01 -2.988526e+00 4.252284e+01
-1.604180e-01 -4.383984e+00 4.636821e+01
5.910937e+00 -4.123276e+00 4.613632e+01
-9.675198e+00 1.548301e+01 1.439697e+01
1.007870e+01 1.567804e+01 1.365012e+01
-6.322416e+00 -3.869534e+00 1.817535e+01
-1.703236e+00 -7.666153e+00 -3.901299e+00
-7.024273e+00 -4.685955e+00 8.002807e+00
9.798402e+00 -4.463821e+00 1.733473e+01
3.264584e+00 -7.562134e+00 -2.781460e+00
1.001416e+01 -5.886353e+00 8.695436e+00
-6.682887e+00 -1.056745e+01 -5.447726e+00
6.300448e+00 -1.099482e+01 -6.277253e+00
-1.658717e+01 2.144328e+00 1.967258e+01
-1.832998e+01 -1.708797e+00 2.082537e+01
-1.794096e+01 9.948850e-01 1.250378e+01
-1.805863e+01 -2.189514e+00 1.097808e+01
2.037963e+01 8.345320e-01 1.806397e+01
2.247788e+01 -2.610374e+00 1.722407e+01
2.077205e+01 -8.333900e-02 1.121720e+01
1.890286e+01 -3.585897e+00 1.073488e+01
-1.964800e+01 9.935537e+00 1.241894e+01
2.223339e+01 9.360340e+00 9.857407e+00
-3.023489e+01 1.978409e+00 -1.641113e+00
3.221817e+01 -8.402210e-01 -3.253562e+00
-1.233334e+01 7.878582e+00 -2.624289e+01
1.297758e+01 7.465996e+00 -2.471605e+01
-1.009958e+00 -7.793917e+00 -2.480892e+01
-7.853220e-01 -7.730350e+00 -2.471390e+01
-4.621171e+00 -7.903191e+00 -2.506348e+01
3.875235e+00 -7.302583e+00 -2.528879e+01
-4.704829e+00 -8.974258e+00 -2.913989e+01
4.097402e+00 -8.774231e+00 -2.907171e+01
-9.869823e+00 -9.150231e+00 -2.945658e+01
9.341545e+00 -9.156588e+00 -3.025557e+01
-2.235032e+01 -8.371986e+00 -3.303243e+01
-2.880323e+01 -1.321980e+01 -3.341410e+01
-2.812310e+01 -7.894753e+00 -3.114220e+01
2.025940e+01 -8.714769e+00 -3.409196e+01
2.776136e+01 -1.406494e+01 -3.543668e+01
2.737635e+01 -9.394896e+00 -3.305756e+01
-1.584692e+01 -7.792990e+00 -2.798033e+01
-1.990537e+01 -1.354750e+01 -3.718905e+01
1.466638e+01 -9.041849e+00 -2.880252e+01
1.885651e+01 -1.253192e+01 -3.936245e+01
-1.738330e+01 -7.923921e+00 -3.921081e+01
1.631750e+01 -7.772621e+00 -4.014723e+01
-1.484367e+01 -8.291671e+00 -3.786654e+01
1.415532e+01 -8.041395e+00 -3.886347e+01
-1.437426e+01 -1.423508e+01 -3.604926e+01
1.139362e+01 -1.346517e+01 -3.670951e+01
