[individuals]
1
[dimensions]
3
[landmarks]
58
[rawpoints]
'#1
-1.583593e+00 -8.330163e+00 7.535836e+00
6.482200e-01 4.890070e-01 9.199468e+00
2.895016e+00 9.387394e+00 1.071801e+01
4.322248e+00 1.532778e+01 9.078470e+00
-1.597177e+00 -3.130128e+00 8.653731e+00
-3.079084e+00 -5.483119e+00 5.550640e+00
8.798970e-01 -3.862672e+00 8.601605e+00
8.902800e-01 -6.753531e+00 5.385579e+00
-2.494711e+00 -6.351418e+00 5.399308e+00
6.431600e-02 -6.864993e+00 5.351826e+00
-1.188634e+00 -3.473710e-01 9.209529e+00
1.751986e+00 -1.407710e+00 9.022193e+00
-1.186942e+00 -1.587763e+00 5.320848e+00
-2.669090e-01 2.436821e+00 4.505520e+00
-4.940700e-01 2.753180e+00 4.349213e+00
1.151297e+00 -2.243881e+00 5.387673e+00
1.950463e+00 1.898827e+00 4.510559e+00
2.256503e+00 1.935566e+00 4.366102e+00
-9.567790e-01 3.750473e+00 3.984936e+00
3.276428e+00 2.799961e+00 3.820193e+00
-3.122736e+00 -1.005317e+00 6.109827e+00
-3.009418e+00 -1.179505e+00 5.134835e+00
-2.879050e+00 1.688010e+00 5.225818e+00
-2.872451e+00 1.522250e+00 4.737493e+00
3.302415e+00 -2.382792e+00 5.812902e+00
2.920313e+00 -2.442083e+00 4.897118e+00
4.315781e+00 -4.548800e-02 4.938553e+00
4.319919e+00 -5.108000e-03 4.457004e+00
-3.428759e+00 6.111230e-01 7.006584e+00
4.200377e+00 -1.224540e+00 7.042508e+00
-5.000287e+00 7.623801e+00 6.204812e+00
8.644309e+00 4.180665e+00 5.878425e+00
-1.561862e+00 9.165428e+00 7.799084e+00
6.476850e+00 7.495808e+00 8.381668e+00
2.398105e+00 8.400532e+00 3.811327e+00
2.504864e+00 8.431535e+00 3.778640e+00
1.377436e+00 8.789575e+00 3.843163e+00
3.384464e+00 8.343853e+00 3.745779e+00
1.845657e+00 9.859819e+00 3.752236e+00
3.616404e+00 9.351341e+00 3.677259e+00
1.018935e+00 9.545941e+00 3.549934e+00
4.122819e+00 8.874500e+00 3.421271e+00
-1.506225e+00 1.281320e+01 4.956684e+00
-2.820087e+00 1.194062e+01 4.059173e+00
-2.380482e+00 1.163581e+01 4.628447e+00
7.938480e+00 1.080623e+01 4.708473e+00
8.594431e+00 9.150550e+00 3.689852e+00
8.204862e+00 9.014032e+00 4.282493e+00
-6.948350e-01 1.002204e+01 4.174105e+00
2.979250e-01 1.229618e+01 2.351250e+00
6.135790e+00 8.348777e+00 4.079504e+00
5.731269e+00 1.092883e+01 2.224355e+00
-4.879150e-01 1.334176e+01 3.289455e+00
7.210058e+00 1.135753e+01 2.906513e+00
1.574320e-01 1.271461e+01 3.394940e+00
6.260794e+00 1.103622e+01 3.442002e+00
-4.482990e-01 1.320917e+01 3.102725e+00
7.069470e+00 1.130557e+01 2.754115e+00
