[individuals]
1
[dimensions]
3
[landmarks]
58
[rawpoints]
'#1
1.626304e+00 -2.924461e+00 1.276209e+01
2.707889e+00 9.899850e-01 1.978305e+00
3.290895e+00 3.293405e+00 -3.292068e+00
3.531949e+00 3.814371e+00 -6.680788e+00
1.307657e+00 -1.697912e+00 9.132284e+00
2.557800e-01 -3.360798e+00 9.788290e+00
2.477010e+00 -2.053931e+00 9.198437e+00
2.153052e+00 -3.947138e+00 9.579707e+00
7.438030e-01 -3.530687e+00 1.109623e+01
1.917489e+00 -3.929699e+00 1.101124e+01
1.228183e+00 3.742050e-01 3.237237e+00
3.040318e+00 5.714410e-01 2.700955e+00
1.218771e+00 -2.340285e+00 5.356163e+00
7.847800e-01 -2.252099e+00 1.956099e+00
1.589343e+00 -2.259281e+00 4.736835e+00
2.074392e+00 -2.553474e+00 5.488406e+00
2.487822e+00 -2.779914e+00 2.042054e+00
1.828446e+00 -2.362978e+00 5.068285e+00
5.412210e-01 -1.924921e+00 1.268431e+00
2.708244e+00 -2.560593e+00 1.159885e+00
5.430200e-01 -1.898142e+00 5.668886e+00
3.476140e-01 -2.390582e+00 6.007986e+00
-4.381120e-01 -1.308458e+00 2.017893e+00
-6.651640e-01 -1.448372e+00 2.044449e+00
2.958457e+00 -2.589944e+00 5.860314e+00
2.697054e+00 -3.140057e+00 5.628852e+00
3.757840e+00 -2.815567e+00 1.896652e+00
3.895891e+00 -2.980910e+00 2.057666e+00
6.692590e-01 1.149170e-01 2.719245e+00
3.795520e+00 -9.291040e-01 2.672825e+00
-2.208216e+00 1.183590e-01 -1.539597e+00
6.157012e+00 -2.607576e+00 -1.815627e+00
-5.720480e-01 3.156462e+00 -8.067071e+00
6.539573e+00 -9.262970e-01 -8.361701e+00
1.064229e+00 -1.935126e+00 -3.283627e+00
2.101741e+00 -2.186572e+00 -3.265495e+00
8.849630e-01 -2.292473e+00 -3.680241e+00
2.133087e+00 -2.724239e+00 -3.589893e+00
1.062464e+00 -1.638752e+00 -7.089005e+00
2.193672e+00 -2.001042e+00 -7.150113e+00
4.068120e-01 -1.982450e+00 -6.170811e+00
2.684753e+00 -2.450247e+00 -6.284897e+00
-2.323795e+00 -7.856520e-01 -6.940704e+00
-2.035310e+00 -1.299885e+00 -7.408701e+00
-1.791788e+00 -1.090287e+00 -7.111712e+00
5.520564e+00 -3.279010e+00 -7.094874e+00
5.068099e+00 -3.636068e+00 -7.600239e+00
4.963594e+00 -3.233869e+00 -7.185433e+00
-3.400260e-01 -2.552027e+00 -5.849573e+00
-7.224750e-01 -2.927962e+00 -8.883374e+00
2.851110e+00 -3.578023e+00 -6.084047e+00
2.779050e+00 -4.003735e+00 -9.063660e+00
-1.197167e+00 -3.161010e-01 -9.017646e+00
4.888730e+00 -2.340435e+00 -9.121756e+00
-5.575750e-01 -1.423980e+00 -8.869640e+00
3.713714e+00 -2.804859e+00 -8.833922e+00
-7.666420e-01 -5.711650e-01 -9.764321e+00
4.415291e+00 -2.260770e+00 -9.763162e+00
