[individuals]
1
[dimensions]
3
[landmarks]
58
[rawpoints]
'#1
7.434230e-01 4.264801e+00 9.911394e+00
5.013138e+00 1.420510e+01 1.295896e+01
8.652937e+00 2.204141e+01 1.472457e+01
1.140193e+01 2.558121e+01 1.458251e+01
1.894408e+00 8.975719e+00 1.059971e+01
2.862070e+00 8.116711e+00 7.724365e+00
2.894623e+00 7.822055e+00 1.189759e+01
5.146677e+00 6.155832e+00 1.045193e+01
3.040845e+00 7.225638e+00 8.178112e+00
4.428361e+00 6.112504e+00 9.852274e+00
3.272499e+00 1.239848e+01 1.123462e+01
4.951333e+00 1.174845e+01 1.332995e+01
5.725861e+00 1.132785e+01 8.890226e+00
9.344493e+00 1.509708e+01 9.186653e+00
7.181839e+00 1.341817e+01 8.514381e+00
6.882591e+00 1.026281e+01 1.035909e+01
9.974082e+00 1.438729e+01 1.005033e+01
9.202188e+00 1.245029e+01 1.064378e+01
8.852591e+00 1.566993e+01 8.089093e+00
1.102584e+01 1.420903e+01 1.069940e+01
4.226326e+00 1.306567e+01 8.005933e+00
4.585232e+00 1.289036e+01 7.460568e+00
4.606967e+00 1.383696e+01 8.035429e+00
4.952711e+00 1.362698e+01 7.474965e+00
8.069748e+00 1.006981e+01 1.267281e+01
8.418198e+00 9.741040e+00 1.216884e+01
8.628869e+00 1.078446e+01 1.281596e+01
9.048767e+00 1.059679e+01 1.212223e+01
3.937106e+00 1.442376e+01 9.104715e+00
7.752257e+00 1.128400e+01 1.371817e+01
5.964015e+00 2.108865e+01 6.237875e+00
1.399508e+01 1.488281e+01 1.612962e+01
8.101480e+00 2.358080e+01 8.517449e+00
1.401993e+01 1.945732e+01 1.634425e+01
1.279533e+01 1.913280e+01 9.748844e+00
1.280495e+01 1.914095e+01 9.750538e+00
1.245111e+01 2.002475e+01 8.901675e+00
1.372410e+01 1.905320e+01 1.036415e+01
1.311050e+01 2.105207e+01 8.841514e+00
1.428364e+01 2.003078e+01 1.042322e+01
1.214810e+01 2.072441e+01 7.882956e+00
1.471084e+01 1.878410e+01 1.105194e+01
1.089355e+01 2.432796e+01 7.059858e+00
1.048209e+01 2.308309e+01 5.634114e+00
1.020197e+01 2.322686e+01 6.327289e+00
1.680036e+01 2.011263e+01 1.430045e+01
1.721863e+01 1.815002e+01 1.367471e+01
1.676629e+01 1.846380e+01 1.406183e+01
1.107205e+01 2.121610e+01 7.390012e+00
1.400278e+01 2.218207e+01 6.639875e+00
1.501240e+01 1.824072e+01 1.233932e+01
1.673651e+01 1.999911e+01 1.034280e+01
1.369920e+01 2.484227e+01 6.387393e+00
1.837898e+01 2.119894e+01 1.219065e+01
1.325908e+01 2.370178e+01 6.975755e+00
1.707827e+01 2.070999e+01 1.194071e+01
1.384517e+01 2.435474e+01 6.098976e+00
1.829595e+01 2.058820e+01 1.164914e+01
