[individuals]
1
[dimensions]
3
[landmarks]
58
[rawpoints]
'#1
4.679802e+00 9.899480e-01 1.139272e+01
4.262575e+00 9.795888e+00 1.245608e+01
4.225096e+00 1.848614e+01 1.309195e+01
5.099614e+00 2.249357e+01 1.222627e+01
3.742766e+00 5.034315e+00 1.134651e+01
4.505404e+00 4.283580e+00 9.043571e+00
5.140030e+00 5.126120e+00 1.246458e+01
7.161148e+00 4.067640e+00 1.099266e+01
5.124434e+00 4.090357e+00 9.385700e+00
6.667098e+00 4.112973e+00 1.050603e+01
3.295510e+00 8.779076e+00 1.149529e+01
5.273426e+00 8.581877e+00 1.302097e+01
5.623534e+00 7.914374e+00 9.244796e+00
6.785066e+00 1.214546e+01 8.268370e+00
6.032519e+00 1.108831e+01 8.222363e+00
6.852556e+00 7.874063e+00 1.017253e+01
7.896897e+00 1.209231e+01 9.131222e+00
8.059916e+00 1.113844e+01 9.678232e+00
6.072362e+00 1.272409e+01 7.451958e+00
8.810260e+00 1.276759e+01 9.492103e+00
3.618385e+00 8.734213e+00 8.432878e+00
3.959776e+00 8.672539e+00 8.118248e+00
3.618218e+00 9.393155e+00 8.294989e+00
4.096800e+00 9.326870e+00 7.919365e+00
8.298880e+00 8.477732e+00 1.199708e+01
8.523355e+00 8.443026e+00 1.156971e+01
8.512330e+00 9.260235e+00 1.205499e+01
8.733205e+00 9.222136e+00 1.134559e+01
2.861535e+00 9.648006e+00 9.469775e+00
7.662383e+00 9.294750e+00 1.300102e+01
1.549703e+00 1.523938e+01 5.696894e+00
1.197444e+01 1.471820e+01 1.360824e+01
1.885110e+00 1.921054e+01 8.191449e+00
9.843230e+00 1.888765e+01 1.381362e+01
7.893098e+00 1.681138e+01 8.102831e+00
7.945261e+00 1.681129e+01 8.101486e+00
7.247797e+00 1.720985e+01 7.254132e+00
8.774432e+00 1.709417e+01 8.554674e+00
7.568944e+00 1.828815e+01 7.243589e+00
8.909524e+00 1.835272e+01 8.244099e+00
7.200358e+00 1.806948e+01 6.742477e+00
9.546145e+00 1.781618e+01 8.568862e+00
4.039112e+00 2.062207e+01 5.744393e+00
4.276082e+00 1.858172e+01 4.585106e+00
3.730408e+00 1.863641e+01 4.877542e+00
1.142308e+01 2.025855e+01 1.126995e+01
1.254833e+01 1.834631e+01 1.087558e+01
1.210183e+01 1.838299e+01 1.126888e+01
5.482163e+00 1.717300e+01 6.296250e+00
7.577179e+00 1.899959e+01 5.087467e+00
1.029926e+01 1.690941e+01 9.927343e+00
1.141688e+01 1.872146e+01 7.638093e+00
5.699442e+00 2.119396e+01 4.545006e+00
1.217267e+01 2.115341e+01 9.738678e+00
6.760149e+00 2.017814e+01 5.216954e+00
1.147941e+01 2.034461e+01 8.602970e+00
6.495629e+00 2.072401e+01 4.185759e+00
1.218694e+01 2.042363e+01 8.674137e+00
