[individuals]
1
[dimensions]
3
[landmarks]
58
[rawpoints]
'#1
1.181388e+01 -6.594483e+01 -1.408424e+01
5.981993e+00 -3.387093e+01 2.516190e+00
1.719389e+00 -1.406909e+01 1.025455e+01
-1.154343e+00 2.239488e+01 7.266205e+00
3.240736e+00 -4.784006e+01 -6.041066e+00
5.315666e+00 -5.021555e+01 -2.240892e+01
1.323907e+01 -4.747980e+01 -4.737141e+00
1.639488e+01 -4.892965e+01 -2.074666e+01
6.396812e+00 -5.108499e+01 -2.328259e+01
1.594723e+01 -4.984314e+01 -2.199971e+01
-3.301953e+00 -3.374560e+01 -6.695000e-02
1.480557e+01 -3.361021e+01 1.319699e+00
4.426975e+00 -2.754428e+01 -1.555546e+01
1.719515e+00 -1.419729e+01 -1.691891e+01
-3.853260e-01 -1.859971e+01 -1.699959e+01
1.062601e+01 -2.665174e+01 -1.467506e+01
8.768847e+00 -1.322087e+01 -1.597670e+01
1.321822e+01 -1.813959e+01 -1.517197e+01
-1.803398e+00 -9.779811e+00 -1.931215e+01
1.274730e+01 -7.744556e+00 -1.799920e+01
-3.373636e+00 -3.845348e+01 -1.224636e+01
-2.928925e+00 -3.791227e+01 -1.424900e+01
-3.157992e+00 -2.520391e+01 -1.243391e+01
-3.217823e+00 -2.515118e+01 -1.470082e+01
1.938796e+01 -3.564401e+01 -9.313196e+00
1.886941e+01 -3.501608e+01 -1.151759e+01
1.661619e+01 -2.420514e+01 -9.882801e+00
1.680674e+01 -2.341347e+01 -1.236603e+01
-8.648567e+00 -3.173081e+01 -4.249265e+00
2.097734e+01 -2.866181e+01 -4.066350e-01
-1.947342e+01 -1.729281e+01 -1.151486e+01
2.871304e+01 -1.146231e+01 -5.207113e+00
-1.323437e+01 -1.696840e-01 -1.192956e+00
1.719003e+01 3.093510e+00 2.347128e+00
1.624068e+00 2.878427e+00 -1.290947e+01
4.948353e+00 3.349253e+00 -1.235833e+01
3.899370e-01 3.881045e+00 -1.401755e+01
6.420239e+00 4.879436e+00 -1.334449e+01
-2.751990e-01 8.816120e+00 -1.366667e+01
6.389637e+00 9.395669e+00 -1.273739e+01
-8.061556e+00 8.751708e+00 -1.282009e+01
1.352558e+01 1.078093e+01 -1.085687e+01
-1.598020e+01 1.061103e+01 -1.053927e+01
-1.814560e+01 1.139017e+01 -1.212769e+01
-1.900222e+01 9.839607e+00 -9.590871e+00
1.914133e+01 1.507368e+01 -6.731175e+00
2.224483e+01 1.599860e+01 -7.469404e+00
2.233053e+01 1.452116e+01 -5.145467e+00
-1.280921e+01 7.133279e+00 -1.106013e+01
-1.051000e+01 1.818158e+01 -2.195945e+01
1.724608e+01 9.688540e+00 -7.409013e+00
1.513960e+01 2.091850e+01 -1.915726e+01
-1.236764e+01 1.645228e+01 -1.308149e+01
1.537324e+01 1.954226e+01 -1.010076e+01
-1.044958e+01 1.473781e+01 -1.285579e+01
1.414339e+01 1.800998e+01 -9.837679e+00
-1.120484e+01 1.612174e+01 -1.427889e+01
1.447375e+01 1.877501e+01 -1.152882e+01
