[individuals]
1
[dimensions]
3
[landmarks]
58
[rawpoints]
'#1
7.314982e+01 2.724892e+01 9.561742e+01
6.999798e+01 1.090848e+02 1.146026e+02
7.006161e+01 1.708007e+02 1.194022e+02
7.197813e+01 2.245298e+02 1.046309e+02
6.169541e+01 5.343287e+01 9.175754e+01
5.551418e+01 2.254517e+01 6.211721e+01
8.310384e+01 6.161380e+01 9.465227e+01
9.211472e+01 2.180803e+01 6.294576e+01
7.008145e+01 1.806652e+01 6.594385e+01
7.709221e+01 2.126054e+01 6.642349e+01
5.544688e+01 9.825225e+01 1.059125e+02
8.782004e+01 9.646038e+01 1.062510e+02
6.610172e+01 8.572692e+01 6.297758e+01
6.640005e+01 1.127870e+02 5.866094e+01
6.181170e+01 1.091401e+02 5.779451e+01
7.739362e+01 8.633250e+01 6.286868e+01
7.644704e+01 1.135389e+02 5.816710e+01
8.119963e+01 1.086711e+02 5.814545e+01
5.586553e+01 1.186981e+02 5.817631e+01
8.832053e+01 1.190957e+02 5.808829e+01
4.323333e+01 9.400962e+01 7.429857e+01
4.285734e+01 9.454494e+01 6.606371e+01
4.116045e+01 9.949977e+01 7.332422e+01
4.625268e+01 1.008874e+02 6.767014e+01
1.003533e+02 9.360115e+01 7.410638e+01
9.935895e+01 9.396396e+01 6.760441e+01
9.796825e+01 1.027908e+02 7.460201e+01
9.953527e+01 1.022996e+02 6.643301e+01
4.448489e+01 9.705392e+01 8.315474e+01
9.925818e+01 9.792453e+01 8.399757e+01
1.609973e+01 1.287705e+02 8.465977e+01
1.264620e+02 1.299642e+02 8.654630e+01
5.309476e+01 1.793162e+02 9.922733e+01
8.649368e+01 1.779469e+02 1.002189e+02
7.039678e+01 1.770487e+02 6.380873e+01
7.084303e+01 1.772662e+02 6.375511e+01
6.333371e+01 1.823945e+02 6.454246e+01
7.933298e+01 1.828487e+02 6.413705e+01
6.471643e+01 1.886951e+02 6.343341e+01
7.849950e+01 1.896763e+02 6.433039e+01
5.647401e+01 1.866558e+02 6.404951e+01
8.634172e+01 1.867151e+02 6.421805e+01
4.696188e+01 1.928673e+02 6.350199e+01
3.391568e+01 1.906818e+02 5.019597e+01
3.154704e+01 1.874280e+02 5.751468e+01
9.550555e+01 1.931653e+02 6.540722e+01
1.127386e+02 1.908158e+02 5.096684e+01
1.136148e+02 1.875638e+02 5.969552e+01
5.232276e+01 1.905901e+02 5.949875e+01
5.490824e+01 2.006965e+02 6.087176e+01
8.705105e+01 1.902875e+02 5.909687e+01
8.810752e+01 2.005731e+02 6.243705e+01
5.251320e+01 2.035347e+02 6.346976e+01
8.888000e+01 2.039961e+02 6.523270e+01
5.471030e+01 1.998394e+02 6.692398e+01
8.698052e+01 1.996552e+02 6.738212e+01
5.126333e+01 2.021135e+02 6.699535e+01
9.034159e+01 2.010479e+02 6.872691e+01
