[individuals]
1
[dimensions]
3
[landmarks]
58
[rawpoints]
'#1
1.386618e+00 1.189014e+01 3.543930e+01
4.954160e-01 1.617176e+01 9.302453e+00
4.352590e-01 1.653924e+01 -1.326388e+01
-3.308790e-01 7.744475e+00 -3.101212e+01
-3.353625e+00 1.350609e+01 2.319947e+01
-6.052258e+00 3.433166e+00 2.719005e+01
5.769939e+00 1.327990e+01 2.234269e+01
7.580959e+00 1.947078e+00 2.806729e+01
-2.234046e+00 2.314606e+00 2.883102e+01
4.453286e+00 1.985451e+00 2.900451e+01
-6.062731e+00 1.388861e+01 1.422259e+01
8.130228e+00 1.359776e+01 1.402775e+01
-2.856395e+00 9.649700e-01 1.199629e+01
-2.616731e+00 -4.036592e+00 -6.859450e-01
-5.415562e+00 -1.952780e+00 4.344325e+00
3.455540e+00 8.076690e-01 1.206182e+01
2.740752e+00 -4.021936e+00 -6.794220e-01
5.829594e+00 -1.937305e+00 4.710253e+00
-4.879902e+00 -3.600962e+00 -2.065660e+00
5.153834e+00 -3.640097e+00 -2.144845e+00
-8.122478e+00 4.569243e+00 1.942826e+01
-8.102701e+00 3.141084e+00 1.951368e+01
-7.301260e+00 3.613906e+00 1.113046e+01
-7.470503e+00 1.757601e+00 1.065872e+01
9.579586e+00 4.453610e+00 1.918349e+01
9.417825e+00 2.744041e+00 1.909695e+01
8.094584e+00 3.040502e+00 1.072534e+01
8.367851e+00 1.346206e+00 9.994005e+00
-9.309803e+00 1.237541e+01 1.302445e+01
1.091097e+01 1.198856e+01 1.205778e+01
-1.939370e+01 7.605272e+00 -9.237300e-02
2.018340e+01 6.049591e+00 -8.466590e-01
-1.352717e+01 4.000649e+00 -1.487547e+01
1.155848e+01 5.674595e+00 -1.239760e+01
-1.805359e+00 -3.448068e+00 -1.101130e+01
1.767506e+00 -3.048087e+00 -1.038497e+01
-3.196073e+00 -4.198162e+00 -1.502492e+01
2.996072e+00 -4.278189e+00 -1.491043e+01
-2.786061e+00 -4.570533e+00 -1.633791e+01
2.345991e+00 -4.450158e+00 -1.588293e+01
-7.679845e+00 -4.182407e+00 -1.586295e+01
7.281054e+00 -4.583233e+00 -1.667463e+01
-1.465163e+01 -1.566844e+00 -2.088870e+01
-1.702643e+01 -1.254100e-01 -1.727153e+01
-1.763533e+01 1.540130e-01 -2.031417e+01
1.472040e+01 -2.434290e+00 -2.146432e+01
1.736996e+01 -1.385836e+00 -1.864835e+01
1.662936e+01 -1.372045e+00 -2.169832e+01
-9.993279e+00 -2.566772e+00 -1.458749e+01
-1.129445e+01 -1.251728e+01 -2.359830e+01
9.820137e+00 -3.874334e+00 -1.559586e+01
9.445748e+00 -1.243799e+01 -2.395951e+01
-1.102615e+01 -4.036868e+00 -2.156286e+01
1.022831e+01 -4.808179e+00 -2.208717e+01
-9.545772e+00 -5.131359e+00 -2.119747e+01
9.220264e+00 -5.102651e+00 -2.196904e+01
-1.178750e+01 -4.781190e+00 -2.301474e+01
1.047525e+01 -5.905298e+00 -2.409158e+01
