[individuals]
1
[dimensions]
3
[landmarks]
58
[rawpoints]
'#1
7.386060e+01 1.500752e+01 7.457700e+01
8.416140e+01 7.458662e+01 8.517838e+01
7.670869e+01 1.386851e+02 7.835159e+01
7.248773e+01 1.645592e+02 7.255449e+01
7.011756e+01 6.010237e+01 9.185009e+01
4.979035e+01 3.419242e+01 5.704985e+01
9.265061e+01 6.050882e+01 6.975070e+01
5.807051e+01 3.247618e+01 4.935161e+01
5.051752e+01 3.683303e+01 5.560628e+01
5.683242e+01 3.674966e+01 4.952100e+01
6.518430e+01 7.029807e+01 9.558029e+01
9.565532e+01 6.955499e+01 6.578600e+01
4.801085e+01 9.540487e+01 5.058811e+01
4.455304e+01 1.008130e+02 4.757153e+01
4.277251e+01 1.003832e+02 5.161128e+01
5.309291e+01 9.590381e+01 4.646455e+01
5.047428e+01 1.004466e+02 4.197715e+01
5.435641e+01 9.887718e+01 4.113097e+01
4.015620e+01 1.040376e+02 5.303115e+01
5.655628e+01 1.037128e+02 3.842604e+01
5.009148e+01 5.388453e+01 8.037914e+01
4.930476e+01 5.546600e+01 7.454678e+01
5.184300e+01 7.273380e+01 8.384815e+01
5.104443e+01 7.330256e+01 8.122819e+01
8.003185e+01 5.169926e+01 5.064716e+01
7.562159e+01 5.466666e+01 4.901455e+01
8.346279e+01 7.504905e+01 5.408282e+01
8.140335e+01 7.519353e+01 5.257988e+01
5.266997e+01 6.820302e+01 9.660632e+01
9.533595e+01 6.541018e+01 5.531752e+01
3.235703e+01 9.872834e+01 1.024253e+02
1.040378e+02 9.480823e+01 3.358249e+01
6.367199e+01 1.150226e+02 8.789539e+01
8.972023e+01 1.128399e+02 6.533156e+01
5.198988e+01 1.228636e+02 4.959754e+01
5.232395e+01 1.228362e+02 4.937230e+01
4.734470e+01 1.213173e+02 5.178023e+01
5.454424e+01 1.217546e+02 4.530044e+01
4.473183e+01 1.295726e+02 5.144543e+01
5.435043e+01 1.307604e+02 4.270366e+01
3.918346e+01 1.378074e+02 5.863025e+01
6.226777e+01 1.365492e+02 3.822318e+01
3.772227e+01 1.444680e+02 7.558442e+01
3.324563e+01 1.484749e+02 8.459284e+01
3.345258e+01 1.435633e+02 8.521481e+01
7.886956e+01 1.427612e+02 3.745042e+01
8.845875e+01 1.466810e+02 3.328579e+01
8.843259e+01 1.416073e+02 3.485430e+01
4.152728e+01 1.266245e+02 5.877998e+01
3.896343e+01 1.348067e+02 5.696228e+01
6.391252e+01 1.245787e+02 4.140417e+01
6.079099e+01 1.332556e+02 3.809370e+01
3.027467e+01 1.503551e+02 6.046180e+01
6.431228e+01 1.490526e+02 2.984633e+01
3.109879e+01 1.482800e+02 5.775721e+01
6.174369e+01 1.470776e+02 3.021058e+01
3.597960e+01 1.455993e+02 5.712602e+01
5.842091e+01 1.410167e+02 2.663703e+01
