[individuals]
1
[dimensions]
3
[landmarks]
58
[rawpoints]
'#1
7.585152e+01 1.703353e+01 9.981031e+00
6.984714e+01 3.676090e+00 7.050410e+01
6.375019e+01 9.756824e+00 1.312439e+02
6.031052e+01 1.516874e+01 1.598789e+02
5.186831e+01 8.105019e+00 5.382657e+01
6.740392e+01 4.712204e+01 3.525234e+01
9.063173e+01 8.168655e+00 5.992777e+01
7.848537e+01 4.532851e+01 3.640953e+01
6.974532e+01 4.646722e+01 3.232171e+01
7.791270e+01 4.522971e+01 3.312065e+01
4.440371e+01 1.086946e+01 5.833672e+01
9.584689e+01 1.065910e+01 6.592622e+01
6.413147e+01 5.031487e+01 8.995531e+01
6.198749e+01 5.516501e+01 9.631853e+01
6.137762e+01 5.319404e+01 8.620415e+01
7.200864e+01 5.095406e+01 9.044820e+01
7.317406e+01 5.519037e+01 9.782988e+01
7.641571e+01 5.409204e+01 8.863797e+01
5.683410e+01 5.390979e+01 9.665970e+01
7.870691e+01 5.426891e+01 1.007924e+02
4.853249e+01 2.732231e+01 4.109266e+01
5.158459e+01 3.212644e+01 4.372868e+01
4.840347e+01 2.247717e+01 6.397403e+01
4.842533e+01 2.539080e+01 6.506374e+01
9.524265e+01 2.652745e+01 4.898083e+01
9.258039e+01 3.176429e+01 5.052441e+01
9.034444e+01 2.280379e+01 7.387616e+01
9.003399e+01 2.544928e+01 7.413456e+01
3.894478e+01 1.492339e+01 5.493874e+01
1.011295e+02 1.497189e+01 6.322872e+01
1.590969e+01 2.468602e+01 8.519366e+01
1.197003e+02 2.392264e+01 9.760960e+01
4.767570e+01 1.027978e+01 1.033379e+02
8.542487e+01 1.201262e+01 1.086390e+02
6.555442e+01 4.887139e+01 1.196478e+02
6.572212e+01 4.874455e+01 1.197143e+02
6.185037e+01 4.936317e+01 1.171658e+02
7.032300e+01 4.838683e+01 1.172337e+02
5.867530e+01 5.120835e+01 1.253067e+02
7.176430e+01 5.112125e+01 1.273239e+02
4.931514e+01 4.947305e+01 1.305632e+02
7.939754e+01 4.971426e+01 1.333378e+02
3.677415e+01 3.885639e+01 1.356700e+02
2.809256e+01 3.584005e+01 1.411199e+02
2.663369e+01 3.286394e+01 1.338676e+02
9.180762e+01 3.910373e+01 1.407030e+02
1.032428e+02 3.538138e+01 1.488780e+02
1.015341e+02 3.387583e+01 1.436040e+02
5.162913e+01 4.726655e+01 1.186318e+02
5.090353e+01 5.065674e+01 1.274622e+02
7.914474e+01 4.748134e+01 1.209005e+02
7.763731e+01 5.129356e+01 1.299130e+02
3.809985e+01 5.359405e+01 1.446232e+02
8.628165e+01 5.435967e+01 1.501238e+02
4.369778e+01 5.523109e+01 1.412876e+02
8.257253e+01 5.498615e+01 1.453812e+02
4.660172e+01 5.004102e+01 1.400499e+02
8.032073e+01 4.980286e+01 1.439833e+02
